	Feature 0	Feature 1	Feature 2	Feature 3	Feature 4	Feature 5	Feature 6	Feature 7	Feature 8	Feature 9	Feature 10	Feature 11	Feature 12	Feature 13	Feature 14	Feature 15	Feature 16	Feature 17	Feature 18	Feature 19	Feature 20	Feature 21	Feature 22	Feature 23	Feature 24	Feature 25	Feature 26	Feature 27	Feature 28	Feature 29	Feature 30	Feature 31	Feature 32	Feature 33	Feature 34	Feature 35	Feature 36	Feature 37	Feature 38	Feature 39	Feature 40	Feature 41	Feature 42	Feature 43	Feature 44	Feature 45	Feature 46	Feature 47	Feature 48	Feature 49	Feature 50	Feature 51	Feature 52	Feature 53	Feature 54	Feature 55	Feature 56	Feature 57	Feature 58	Feature 59	Feature 60	Feature 61	Feature 62	Feature 63	Feature 64	Feature 65	Feature 66	Feature 67	Feature 68	Feature 69	Feature 70	Feature 71	Feature 72	Feature 73	Feature 74	Feature 75	Feature 76	Feature 77	Feature 78	Feature 79
Feature 0	0.0	0.47469071816536995	0.28887478483742174	0.426402634857418	0.17824456221013757	0.7036306379075283	0.19588055539332735	0.38171243566714597	0.6164101571538277	0.43137235543588115	0.6302228752353494	0.21845697327727095	0.2782982043551814	0.14075180750823962	0.4788865940752618	0.43402336987615037	0.518497600675963	0.31422307989441056	0.5953209848228455	0.3815432069098646	0.624366853997908	0.3310750101019042	0.5102899225643285	0.5831175554488941	0.7932628234137173	0.7961218127274805	0.627534870113645	0.3063776334388889	0.20380264728745304	0.576288203176027	0.7098479621742659	0.5040217948912249	0.49427749989847064	0.5179364527127782	0.25018006185968183	0.3486285552343145	0.28815074757886855	0.8094668357315893	0.6636499649975126	0.26728160991266875	0.4322088125397383	0.9030092152834736	0.5129330866145233	0.36813530562026553	0.15928642589965195	0.4146749098184772	0.811060094286464	0.17202759443725563	0.2230774097278259	0.47835321598746494	0.2444661393720042	0.20775456491003277	0.328710947921573	0.5988056248698835	0.3554241495851985	0.345188944611728	0.3338353793905212	0.2855450551853498	0.4088717912490987	0.621240173042903	0.6156307432797177	0.8635952371745056	0.4128874544575645	0.46515943772855217	0.4492355379231314	0.21094621463483612	0.5630768470315233	0.21078078158302255	0.3684366490828483	0.43949720834142714	0.5711386192538183	0.24873729731264255	0.6649330781828588	0.2705578932245581	0.380783212166318	0.48167688719054896	0.46342303964674236	0.17788590119782624	0.8209251153039707	0.4513027323995307
Feature 1	0.47469071816536995	0.0	0.45478055004214885	0.1793887122416824	0.3664916557593824	0.24196583336953323	0.6701617491801689	0.453328865683501	0.15548112123078087	0.37479276873679657	0.18576362177528716	0.68815461481675	0.6530088082861218	0.4148743361991743	0.5730839488694439	0.06972460815517405	0.09246704788912605	0.3979989647872822	0.31225393773635135	0.17462695381128457	0.4166416191893456	0.784662831780464	0.41461987247868903	0.1433669863462147	0.320822639514009	0.325931588179242	0.6636856609315559	0.6215955055772496	0.35980186431042377	0.10957081978466295	0.39844693185193764	0.05694207815939334	0.08767422160125053	0.17683147471388996	0.26253063921978853	0.35136233149145274	0.38359958522047855	0.3806259012956409	0.19202902751725473	0.354954040197702	0.2308412854979619	0.5268153159364322	0.5390288297837443	0.26789619467942705	0.3824582869428217	0.37370457189366096	0.393796326912069	0.5686851242257523	0.5129880761763471	0.022884568843475245	0.24243238865075423	0.29789180884348315	0.4260154187149597	0.17456289145049017	0.5109793704747819	0.5406910940928283	0.1586327871517165	0.27056748793356555	0.08952830650222768	0.22258055890120673	0.2744657973130869	0.4094768612343173	0.2732352464270376	0.036991473282108736	0.3396805825271887	0.6551893462233388	0.5053134137184099	0.5735971469193455	0.34670366852726875	0.6076494696638794	0.14078163592494303	0.5522701775820885	0.27629902144571167	0.3442753411439771	0.7949096518700792	0.3879867054861586	0.23732374970602926	0.3821376928976603	0.3525966886584495	0.2646800132570127
Feature 2	0.28887478483742174	0.45478055004214885	0.0	0.5158391541476851	0.19904201534264207	0.6162717335125896	0.3958349870329246	0.09823065077449639	0.5437712121187259	0.19597881970591036	0.5350964305741986	0.3970782970779037	0.24968629050206717	0.16650580288349381	0.7254220707352999	0.39563982213576265	0.44775391404288967	0.08873898905849421	0.6973112237784155	0.41870725340163784	0.3916020711147911	0.5605615974859165	0.6888682062851533	0.5314529211138358	0.7446811326025244	0.7170644130018206	0.34156557689357603	0.18760019792299623	0.13016863752059402	0.5426648649967023	0.5073659661726414	0.5054028477684079	0.4759150322795283	0.39693684691423625	0.37410327771665114	0.5131011764914096	0.07597389726732935	0.8226035964936913	0.6339152377888568	0.10134354556933661	0.5441461967327613	0.7111630385753055	0.2271656487977111	0.5121515557925105	0.15531008951310588	0.5996825862497668	0.8452504138954963	0.2730091212976541	0.11335299633706954	0.4452398807591931	0.3206764966733847	0.36248142325622495	0.07413399129766021	0.501783338314284	0.6025332132949164	0.11519572524847832	0.38801029053097263	0.21144679091458915	0.373804497162204	0.494712290425567	0.6833255893968344	0.8568327337578886	0.24614565425709595	0.45220782012481797	0.24138777595726807	0.42942354002010236	0.7648209837008453	0.19777124920706007	0.1565697885076056	0.1807746437988139	0.5803270335632407	0.13097863436053855	0.6959042834962483	0.4451635930939099	0.6526649444694256	0.2376245420069207	0.30412171038204305	0.40228236273255136	0.792474451556984	0.2716128706133594
Feature 3	0.426402634857418	0.1793887122416824	0.5158391541476851	0.0	0.36998801741609955	0.39299579036018356	0.615578351862151	0.5457838652539714	0.3175194642607216	0.4959490351828051	0.35646688859223175	0.6372177459575693	0.6633095786823642	0.41773633471818045	0.3984772810992964	0.20591426836632395	0.2697304101079475	0.47135358962329704	0.19388327577385014	0.16086454160105132	0.5812533653396849	0.6978602319706704	0.23972499706521608	0.27499552534761107	0.42073722907906835	0.45548022614780387	0.7869269917209221	0.6535842801156851	0.39346666594994056	0.23897742215365514	0.576623747033605	0.15800635283415593	0.1916476254005428	0.34161630512630703	0.19547760018613686	0.21679889405350183	0.45335357772419566	0.3976140055127051	0.29572324853231935	0.4177184928929402	0.06337258038808848	0.7028478253888943	0.6539304233884605	0.10287483510033954	0.3950262973796976	0.1993842208633778	0.38676414962614014	0.5443091406326065	0.5388339818426411	0.19928265621706517	0.2122010089769328	0.21895503349506013	0.5019914433479631	0.34111085562402027	0.35405889131910057	0.6003464775701963	0.13079423874440158	0.33415164704141326	0.20517292220666258	0.40045040692027717	0.20580547503823196	0.4531875917724242	0.39283201077330826	0.16741433263273967	0.4698731142944267	0.5852167634729109	0.3287130711237746	0.5779781888179312	0.4501213769134109	0.6886651706985866	0.1868543883745688	0.581563429977954	0.26727958471934243	0.22819792114395882	0.6784093852829692	0.5227688683087776	0.3826063265101978	0.2803846443220277	0.42772946291883984	0.4066428755894613
Feature 4	0.17824456221013757	0.3664916557593824	0.19904201534264207	0.36998801741609955	0.0	0.5707736967874316	0.34571515966881866	0.26510458547660753	0.4958606195003343	0.31417690127344944	0.5022375952090469	0.3471872278676151	0.33549062464190166	0.07029982822005856	0.5404387902638553	0.3091121875449797	0.3998600448525262	0.17419671217110627	0.5386628231194212	0.2676455108671058	0.490182745630516	0.4687214880713481	0.507069167111812	0.4482480026331013	0.6729248704208469	0.6662181879165012	0.5273249214236	0.3171470818448131	0.10058878041925104	0.45658475170563606	0.5674714676531528	0.40889285208458376	0.3697314276240259	0.367021532153128	0.24099323655890634	0.3193695743527014	0.1829978334950632	0.7067057576450693	0.5567977242949098	0.14979815013107972	0.3815538210628743	0.7538613822161112	0.38741623847836737	0.3431059781835888	0.07373554758263727	0.41708872510269673	0.7259310084808446	0.2048323443253127	0.180785313523708	0.36315693092788104	0.1581196277014021	0.1978094034298781	0.1989136167798261	0.4551977557553727	0.4153774658415808	0.253058953287051	0.2466938181123645	0.1983276826688702	0.28368587524996125	0.4909984803156395	0.5360428435951637	0.7599835246193485	0.24944326575432735	0.3518468662245556	0.33539238732845195	0.3255207757207583	0.5806673231297251	0.2177077900546581	0.2541459323733529	0.37658022278875636	0.46615934680266297	0.2433540016435918	0.5631005027905689	0.2520538495976835	0.5343423639866401	0.3546683810652606	0.3074264852713204	0.24129470694524163	0.7119046732776839	0.30484580189924526
Feature 5	0.7036306379075283	0.24196583336953323	0.6162717335125896	0.39299579036018356	0.5707736967874316	0.0	0.8965218645697857	0.5789301838037445	0.10318163170710336	0.4784053667888407	0.09497144477951075	0.9102584088130953	0.8453950409643395	0.6207371221041027	0.7853389007607421	0.2710587322218846	0.19533919925905893	0.5485464391347229	0.43541369613752107	0.37703358814952187	0.40648061812923497	1.015503610578425	0.5984254512506677	0.15405748008028727	0.1487868341148454	0.10084486333397646	0.7209725339529035	0.7980162756909661	0.5554685159967581	0.15668378851887274	0.30888048972279614	0.24373882447789902	0.2397208060063393	0.22544529590082224	0.503647490884602	0.5632368396974307	0.5479492883168465	0.3139481383741494	0.13983875422599618	0.529068057017736	0.43352816885500434	0.3394164589000807	0.6163659926051928	0.4908266564781507	0.5876710014997475	0.5829067437163566	0.35697136083426206	0.7749497395517424	0.6965604888335025	0.23103777248276466	0.47275291236803274	0.5377134181065208	0.5707325504412508	0.12380798892024822	0.7360557225999151	0.6876686863639049	0.39479470452397997	0.46290976758588165	0.29600488368629546	0.15989476810385686	0.3647104512652606	0.29546753871817977	0.3858588246876862	0.25376364841097254	0.4366840761399348	0.8799264047223565	0.6858735423233837	0.7669988096293446	0.48189801936687837	0.7341723583275418	0.2300242567871487	0.7345284755407255	0.3037031921709808	0.5707485736838468	1.033783890256353	0.46325561880291016	0.32127113953803627	0.623408488505269	0.21356071302897167	0.35540243777443437
Feature 6	0.19588055539332735	0.6701617491801689	0.3958349870329246	0.615578351862151	0.34571515966881866	0.8965218645697857	0.0	0.4933048509708188	0.8094739637466549	0.5715003809874306	0.8210513541460064	0.05742551986534771	0.24024794880912878	0.293135624299984	0.5769277311417974	0.6279461532622728	0.710260486034706	0.4464811854848404	0.7748481030853233	0.5717698046124704	0.7733113009567276	0.19181265748925705	0.6627432321439986	0.7765844637409112	0.9889947641202358	0.9903667921785134	0.6994711766774593	0.30997699639052384	0.36423246162573986	0.7717824577618952	0.8754056517211845	0.699530382731465	0.6885863206425503	0.702319299252474	0.43867567947183694	0.5093804559922273	0.4257670494812887	1.0016500875027157	0.8592623714293373	0.41805503500469393	0.6156362042727159	1.0755253419466593	0.6092837537674964	0.5466073408539989	0.32241705494715045	0.5705128739010704	1.0016942321709994	0.19711052334392057	0.29632290538880457	0.6733348012527632	0.43875527300820266	0.39735441350119854	0.44963647401076584	0.7888928276437022	0.4605476000550531	0.4140125888966876	0.528995849951383	0.46009312604321256	0.6025391951660045	0.8061389846657901	0.8018050354023277	1.0582285160370446	0.5797390530288155	0.6607707565262686	0.5994911183470156	0.14152163558203548	0.6979973255497424	0.23308722368053492	0.5152861162399908	0.4895638466769779	0.7659340921797152	0.2932711886921248	0.8547110794696062	0.437458378399677	0.28860426368679654	0.6217248267607474	0.6370642407700322	0.3451035846482958	1.0166792380317209	0.6191030352680951
Feature 7	0.38171243566714597	0.453328865683501	0.09823065077449639	0.5457838652539714	0.26510458547660753	0.5789301838037445	0.4933048509708188	0.0	0.5165555513021315	0.13614983065041197	0.49977737198724204	0.49233481822458597	0.3312187635095747	0.2514176737293972	0.795825321913874	0.39297980364136825	0.42859893260342585	0.09668126797708829	0.721423060308331	0.4398435179435715	0.31012724313576945	0.6553640463854574	0.7377647016288267	0.5111738878855424	0.7163221497073051	0.6788922729289256	0.2635824674170127	0.25710624807877686	0.198360133908574	0.528754117872868	0.432167856355112	0.5075675077572614	0.4720580976086235	0.36019514456680474	0.4287758396325442	0.5656854058626931	0.11269884495098795	0.8127088767654125	0.6172814814413341	0.1427570578898152	0.5787754976919633	0.6340464268185285	0.13643120224866898	0.5584822181606182	0.2347127085464667	0.6536196365542413	0.8423364225360063	0.36039445658520813	0.2035632397015755	0.43968718626288616	0.36756754550920506	0.4244471686038128	0.0713756913511066	0.46637832758121	0.6757582632205115	0.1395906914559462	0.41847576129496383	0.2396271047862476	0.3751762334962551	0.4503340939360019	0.6966304917544013	0.8396558107742141	0.21000489673259165	0.45291399707283975	0.1916021832619142	0.521833224154667	0.8192601309760901	0.28524964560715904	0.12868851720722013	0.16423214889377882	0.5790999293615453	0.21750346556649636	0.6962719892035737	0.504693422494625	0.7489695464693719	0.1612697673851557	0.2610314438694554	0.4771311197028106	0.7699581315550412	0.2240303868655685
Feature 8	0.6164101571538277	0.15548112123078087	0.5437712121187259	0.3175194642607216	0.4958606195003343	0.10318163170710336	0.8094739637466549	0.5165555513021315	0.0	0.4126782398752914	0.04737269070918728	0.8269268830766167	0.7623695698216784	0.5413050955917853	0.7157785733863524	0.1928448973704459	0.10132177940340421	0.48335287803930815	0.3970644018227492	0.31475633143905596	0.37557313639859846	0.9336317502469835	0.5402215653511924	0.13517045945101536	0.21287304204487736	0.1910035617067822	0.6784207440284831	0.7196849990960016	0.47430546005439117	0.10839933292324913	0.30804100421839326	0.16028448550420232	0.18458295964476537	0.18043154349931786	0.41019459316668755	0.4993451757131834	0.4717466414675407	0.34618165677820734	0.11740050468625532	0.4518334970399103	0.3666989690754206	0.3935841751677168	0.572095071505433	0.4151436160087812	0.5061827996576744	0.514791740047422	0.370037560017887	0.7004750643133762	0.6218844954984832	0.1462413953373762	0.39156223417094166	0.4510111552929367	0.5065816328953772	0.10923786796754431	0.6627763281718019	0.6256925243085104	0.3132855779056826	0.3732836338613903	0.21715699349712034	0.11893103137367453	0.33867058238283293	0.33872440013885935	0.3314538627086234	0.17738443984970412	0.36777721478412284	0.8010934023421078	0.6284632630620935	0.691771491478281	0.40840771794455855	0.669682400992349	0.19020600672474972	0.6557206159240729	0.3026794255786686	0.4980790047034996	0.9485868005360847	0.4071911975500327	0.2691125781766388	0.5350552739750791	0.2592017680515136	0.29617277940960973
Feature 9	0.43137235543588115	0.37479276873679657	0.19597881970591036	0.4959490351828051	0.31417690127344944	0.4784053667888407	0.5715003809874306	0.13614983065041197	0.4126782398752914	0.0	0.3928843538505646	0.5812252994398288	0.4234033257974631	0.31289526585069194	0.7982077678091172	0.3258080742584563	0.3302927924582592	0.17647107286547273	0.6707140030816183	0.41325575055543173	0.20273143339069427	0.7390409403004695	0.7134368967759032	0.43651880202873167	0.6190753087690438	0.5771103949838261	0.29741192817298273	0.3571540473368274	0.23296349305061398	0.44605027008737624	0.3211028403925703	0.4267811931783586	0.4098225926502651	0.27959532120418706	0.4016274740416972	0.5680759672709967	0.14974459008980373	0.734490300619691	0.5200079106893997	0.17008234296733488	0.5403683325851845	0.5296220712138817	0.20212751651281644	0.530705622708988	0.2808418225233686	0.6369427951596139	0.7595515040174462	0.45703333039779453	0.30793919239429296	0.3602051752077792	0.3594544814959207	0.4199528764282962	0.174365004843018	0.37890445862252803	0.6912167387179122	0.27383546219988436	0.38196485872817554	0.19502802527426719	0.31367219426798215	0.33488552498282986	0.6401622480447126	0.7476388113070744	0.17527934599669936	0.38384810799599856	0.05707093255468052	0.6054997993539771	0.7986690975650317	0.3925822364913224	0.06461492485641504	0.26215228992422984	0.5076270865325239	0.31447601768371136	0.6346443430674099	0.5134920890946257	0.8114006035734409	0.05482476034781184	0.18961612262943572	0.48470853380122475	0.6713823417068243	0.13615139799557818
Feature 10	0.6302228752353494	0.18576362177528716	0.5350964305741986	0.35646688859223175	0.5022375952090469	0.09497144477951075	0.8210513541460064	0.49977737198724204	0.04737269070918728	0.3928843538505646	0.0	0.8369409321878956	0.7608219541735078	0.5463677935857231	0.754339468269735	0.20960521714240007	0.11413505764741153	0.4733630457454981	0.4405875204631523	0.3379072035483571	0.33736624250576125	0.9499477205759125	0.5818743644543304	0.15266187168224177	0.22972893804130698	0.19035907865392096	0.6476141477585226	0.7136112847909688	0.4761211363853482	0.1438344316413945	0.2623943194881183	0.20054772784921027	0.21004385934758618	0.1633612103849689	0.43601389235662513	0.5299483415353208	0.4646197195442664	0.37811545993987117	0.15820299869388102	0.4476311199025196	0.40536443393337596	0.34960884925669916	0.5455378477555608	0.4513725686116987	0.5109634153299009	0.5531090667911797	0.4080953279564822	0.7061181258306773	0.6188765323804989	0.17213167906207968	0.4105746651379036	0.47507882213785163	0.4947241122579161	0.09426629960819011	0.6960371223276168	0.6135108323949043	0.3389246017245445	0.3765971144963029	0.2325399288042332	0.07887027932175326	0.3801011483805103	0.3664652075440048	0.3171821579863467	0.20599318089163535	0.34818915070653006	0.8148611903844024	0.6711346888700378	0.6916570678495271	0.3954519251733508	0.6517704847788596	0.23018629306120378	0.6516770611455392	0.3385999453121927	0.5253011493394822	0.9719593460182713	0.3817824617990389	0.25045127180901916	0.5606769901546222	0.2835835530807017	0.2764596300860863
Feature 11	0.21845697327727095	0.68815461481675	0.3970782970779037	0.6372177459575693	0.3471872278676151	0.9102584088130953	0.05742551986534771	0.49233481822458597	0.8269268830766167	0.5812252994398288	0.8369409321878956	0.0	0.24415765357806068	0.29767802457877895	0.597637429203903	0.6419573181583977	0.7279908958803658	0.44419492204181277	0.7928246432055185	0.5806282030772058	0.7819353233235455	0.17619626953489567	0.6823679824236336	0.7869477492375672	1.0045766978886	1.004623857563123	0.6949500988100495	0.3093274010985241	0.3744566192552157	0.7867007073067154	0.8851489285350482	0.7199205256190603	0.7003297270337091	0.7106236642676574	0.46695967009750616	0.5188544239832302	0.4338285856778791	1.0162200725507147	0.8785554920579918	0.4263326616848722	0.6345432885099968	1.0839817989333058	0.6017432317145883	0.5679197079072182	0.331706052280843	0.590422600687885	1.0209530642328015	0.17147476574800674	0.2898806432887479	0.690064979301778	0.45302632302210805	0.4193067072180156	0.44621895780470305	0.7990353628921597	0.4769763063177779	0.3996985182539814	0.5459534101471747	0.4802239589936396	0.6163252025774388	0.8217966012053364	0.8171607753661962	1.0757520018085276	0.5821205233222485	0.6764441203905114	0.6131088826985681	0.11566345006891841	0.7188561868520539	0.21618132603558832	0.5263573847449837	0.48604341803662343	0.7814992900800418	0.2945391878795784	0.8667843637264049	0.44902062239240714	0.3001811964018363	0.6291484095711485	0.643077119761627	0.3724786420796959	1.0348309804475202	0.6271895320209434
Feature 12	0.2782982043551814	0.6530088082861218	0.24968629050206717	0.6633095786823642	0.33549062464190166	0.8453950409643395	0.24024794880912878	0.3312187635095747	0.7623695698216784	0.4234033257974631	0.7608219541735078	0.24415765357806068	0.0	0.2669481102163511	0.7528525128760449	0.6021465465074947	0.6618569293132985	0.33036052659809656	0.8465995313037044	0.5949987252433986	0.6203564544913547	0.4184231763118867	0.7842710757413286	0.7516300798001257	0.9640930851293468	0.9453743198610828	0.4819945008844638	0.08427855849254959	0.29853579173139566	0.7533240752903547	0.7443547193718845	0.6946647586602951	0.6807399083687327	0.6337825182725568	0.48059792940956964	0.6148260635734617	0.3036210575072743	1.0219760381970182	0.8403648875015425	0.3188856235143074	0.6824791127217743	0.9520442330776393	0.42556535158590725	0.6274386780319803	0.2831602794388889	0.6886705712668281	1.031821942343921	0.23950347952832327	0.17980880785643844	0.649448742313478	0.4645631622493103	0.4599024755762937	0.31742104024646856	0.7345115517396169	0.6299871379438448	0.25691597434890107	0.5499792309478394	0.3921634487340588	0.5777857499038745	0.7241254283730025	0.8531144937066122	1.0621266553216293	0.49001100506396145	0.6505328141821155	0.4626561016355555	0.33628779288401683	0.8403285573188521	0.1575136063702851	0.3850558712445168	0.27015036728337016	0.7751074472661843	0.11951197382100445	0.8859778881572077	0.5372989342216669	0.528606800525455	0.46875288403488924	0.5472215621149188	0.4491952565196965	1.0034455044293555	0.5138101200560029
Feature 13	0.14075180750823962	0.4148743361991743	0.16650580288349381	0.41773633471818045	0.07029982822005856	0.6207371221041027	0.293135624299984	0.2514176737293972	0.5413050955917853	0.31289526585069194	0.5463677935857231	0.29767802457877895	0.2669481102163511	0.0	0.5660453012841749	0.36022683031594455	0.4421920591574495	0.17543250069695784	0.5934358116929077	0.33074472536976707	0.5038963174369867	0.4357304688402933	0.5511593723027504	0.5059358074215592	0.726954845865596	0.7178601173099932	0.5070771816190062	0.25398038183948035	0.08616823527362413	0.5105801882899271	0.5942693194470249	0.45664391661036563	0.428104980534972	0.4142476005266465	0.2631224374540378	0.36937287634063287	0.1664694369522263	0.766628876589415	0.6065239726103907	0.1435071967047844	0.4323872406372995	0.7888589486370711	0.3799225246410101	0.38679571170355215	0.0415163734343984	0.4581148943414543	0.781773917470864	0.16806897044414473	0.12692874002122007	0.4120513981747947	0.20758755039180407	0.22698192468496395	0.19180258134488085	0.5065960876200053	0.4397624430523975	0.22543146555013388	0.297334196459204	0.20470194738780556	0.3346401649005297	0.5283430706452066	0.5947338510852442	0.8160980360569371	0.28724338740874844	0.4045776415837279	0.33893536828732157	0.29699244989975543	0.6200532842696258	0.16250942218540565	0.25235465226405657	0.336662791030706	0.5229799157761219	0.18076904971652089	0.6251291791041429	0.29610737274714016	0.5095910292564669	0.35868803020522916	0.34586771048199005	0.2520542985898261	0.7651827611505189	0.33273633816150455
Feature 14	0.4788865940752618	0.5730839488694439	0.7254220707352999	0.3984772810992964	0.5404387902638553	0.7853389007607421	0.5769277311417974	0.795825321913874	0.7157785733863524	0.7982077678091172	0.754339468269735	0.597637429203903	0.7528525128760449	0.5660453012841749	0.0	0.5792757814645326	0.6622723852418962	0.7083453009749827	0.40690817996364376	0.46721225502330976	0.9373552452944994	0.5496446288412014	0.2115899671625366	0.6550381776059307	0.787527580059774	0.8374098693798565	1.058267227915035	0.7850211996373013	0.6014048189009586	0.6298262717185525	0.959438362602183	0.5563849040783255	0.5685419061882164	0.713141936650062	0.4086114564103995	0.2771735140638534	0.6931222703461006	0.6924651588466452	0.6798028676276651	0.6575134823713609	0.35217571238100004	1.0974606528132278	0.9218350742525386	0.305807442144153	0.5701579241988287	0.20301081486448838	0.6636495484002777	0.5895408934025961	0.6832561695229029	0.5906509413968676	0.44550335016352094	0.37895017925820995	0.7355219144705851	0.7286087107481811	0.13436577954375292	0.7861804710445517	0.45047734103710035	0.6097000902303604	0.5682458145848212	0.79468181813634	0.4788727485719244	0.7704930046884881	0.7069027535173312	0.555848519271936	0.7899236495203222	0.5121893743246293	0.1701017449039414	0.6712563291253196	0.7371582829955433	0.8992137091617444	0.5607884831665884	0.7236036987953061	0.5675764306499034	0.30447457247434684	0.4535786670120726	0.8388071672020144	0.7267839801835877	0.33203196311430355	0.7782143524156502	0.7442963765438324
Feature 15	0.43402336987615037	0.06972460815517405	0.39563982213576265	0.20591426836632395	0.3091121875449797	0.2710587322218846	0.6279461532622728	0.39297980364136825	0.1928448973704459	0.3258080742584563	0.20960521714240007	0.6419573181583977	0.6021465465074947	0.36022683031594455	0.5792757814645326	0.0	0.11045484725191562	0.3336952786784159	0.35145611398877225	0.1435628399379633	0.38411378501119886	0.7449524093570031	0.43527250470459145	0.15742656381309522	0.3669938901786104	0.36288275240109186	0.610224002380487	0.5672750667824346	0.3049413868617975	0.1517463159144158	0.38248878769674166	0.12472184797771509	0.09124236160538411	0.1386268279060689	0.2504361354083342	0.33753128739035004	0.32712694331079156	0.429042442711454	0.2498962917827321	0.2974544989516292	0.24962288829314702	0.526674700799272	0.4788064272804113	0.2758867422146595	0.32887675269073857	0.38337139826284033	0.45114899772510686	0.5133836364357902	0.45397259649061206	0.057689892540686044	0.2029225555509189	0.27367637931138566	0.3622719892103442	0.174095515280889	0.5026878893921114	0.4761055354295988	0.13722300289364736	0.22813223793933243	0.025749027698045397	0.22968204915508225	0.3146188832236778	0.46376950071980916	0.20846347476980148	0.060432533110036185	0.2980670004561235	0.6104256937219682	0.5273203179972468	0.5157660221605971	0.2950731930785898	0.5504595899501289	0.18744235539272666	0.4972900053859979	0.3136619779760675	0.3216905824225691	0.7676037032900038	0.33973157621286815	0.1816258248972339	0.3622323806149052	0.4066435511227462	0.21248917859482813
Feature 16	0.518497600675963	0.09246704788912605	0.44775391404288967	0.2697304101079475	0.3998600448525262	0.19533919925905893	0.710260486034706	0.42859893260342585	0.10132177940340421	0.3302927924582592	0.11413505764741153	0.7279908958803658	0.6618569293132985	0.4421920591574495	0.6622723852418962	0.11045484725191562	0.0	0.390996009762523	0.3951647679970118	0.2499431738289961	0.33756019227016776	0.8393808076420275	0.5063260279361677	0.15186123497205475	0.30735420297832255	0.2898538557971099	0.6113857617376438	0.6210761417074089	0.3740732314631503	0.12975521980752344	0.31000285878872663	0.12765238169456172	0.14832589905122548	0.1286044588355626	0.3234669191190329	0.437896994198151	0.37469466753852615	0.41266374030595016	0.19118933352070988	0.35349663994032543	0.3230850504594121	0.44343498114182917	0.49875372495940484	0.35675262284005593	0.40622925051285735	0.4646170235396995	0.43157202723477756	0.6035899068362905	0.5234068026245359	0.07767658855159874	0.301968372556659	0.3637501096932044	0.41508166957548787	0.12756625094499616	0.5962636054572134	0.5341955018118524	0.2335119982709433	0.2724170656776198	0.13028226627378126	0.13255851380826308	0.34934081724875016	0.4218967924518035	0.2507969379123092	0.11930140866374028	0.28791191465558114	0.7064703525375778	0.5963959213898444	0.5929647536695302	0.3170426357764805	0.5814129572851361	0.20105175100206066	0.5563435464384267	0.33359385184825346	0.42397388569386457	0.8598504156480978	0.33405252842032823	0.1961697081950592	0.44881074062115534	0.34972207745628653	0.21792308881222397
Feature 17	0.31422307989441056	0.3979989647872822	0.08873898905849421	0.47135358962329704	0.17419671217110627	0.5485464391347229	0.4464811854848404	0.09668126797708829	0.48335287803930815	0.17647107286547273	0.4733630457454981	0.44419492204181277	0.33036052659809656	0.17543250069695784	0.7083453009749827	0.3336952786784159	0.390996009762523	0.0	0.643642620331458	0.35697509129202426	0.3536690140733925	0.5956079367808217	0.6515291610715055	0.45877783238541814	0.6767934845169852	0.6486817150383997	0.3569402573578807	0.2713795017586685	0.12822463679608714	0.4769316988227827	0.45563252130265747	0.45154371695965895	0.40806066622678033	0.3246670707427547	0.35800504590992793	0.4730657894148856	0.08335196037727227	0.7537891601317832	0.5734819864550516	0.08510863932688992	0.49818062551998105	0.652270783600007	0.21431975130241293	0.4761837290278263	0.16012074040026197	0.5669571092335067	0.7831450868097672	0.2976925093099266	0.16680817182390895	0.3860873801839779	0.28268463774086094	0.34315153633251577	0.03184075179481848	0.42987798270966354	0.5869751059981242	0.14372702496962816	0.3411450116028704	0.19590017331166842	0.3129780569597778	0.43739557041753446	0.6225487480969483	0.7905639477828326	0.16738912880958082	0.391693483275709	0.2185352786308306	0.45546903096232	0.732481070088834	0.24571705975175626	0.1372170511664813	0.239809509349451	0.5165487569336662	0.21104244652835177	0.6274571648911649	0.4132133268871203	0.6824837619174736	0.20834457279347687	0.23234969684013915	0.398385144147126	0.727654418214685	0.21029772285034518
Feature 18	0.5953209848228455	0.31225393773635135	0.6973112237784155	0.19388327577385014	0.5386628231194212	0.43541369613752107	0.7748481030853233	0.721423060308331	0.3970644018227492	0.6707140030816183	0.4405875204631523	0.7928246432055185	0.8465995313037044	0.5934358116929077	0.40690817996364376	0.35145611398877225	0.3951647679970118	0.643642620331458	0.0	0.2922184479289629	0.7260823475847136	0.8249455934144809	0.19562361464164496	0.33336892468307944	0.3968671281389265	0.45996679409242086	0.9574619840471746	0.838532968190603	0.5770346924328524	0.30207722509840645	0.6914248968303791	0.2719384669651449	0.28871965860903104	0.46317377524487297	0.3818028913011681	0.2929535138811482	0.636908205303053	0.28616371767281434	0.3203805026651193	0.6002836275645301	0.1645967030997024	0.772880362842157	0.8188323133396175	0.2306585549292102	0.575652121138548	0.23762049549122552	0.2646983881265425	0.7016483240950733	0.7158696375161024	0.3297309219455689	0.38729669279420365	0.3913239721486441	0.6751549657991215	0.4232296198176256	0.41379373145202103	0.7718856652385935	0.31048197718999476	0.5236646732059183	0.3597656286536911	0.5066565866206961	0.08210027523749544	0.36561527886266687	0.5463681690579929	0.2965623381160579	0.642605672357045	0.7229172477289736	0.267664980524998	0.7489718538564019	0.6301219873686137	0.8711901259955851	0.21416365548051672	0.7652931889098396	0.17621537151965735	0.3482641629818819	0.7858745005585815	0.6899568113427518	0.5283939645830619	0.4359502607067291	0.38099203023461026	0.5636817882936149
Feature 19	0.3815432069098646	0.17462695381128457	0.41870725340163784	0.16086454160105132	0.2676455108671058	0.37703358814952187	0.5717698046124704	0.4398435179435715	0.31475633143905596	0.41325575055543173	0.3379072035483571	0.5806282030772058	0.5949987252433986	0.33074472536976707	0.46721225502330976	0.1435628399379633	0.2499431738289961	0.35697509129202426	0.2922184479289629	0.0	0.5052158468901405	0.6577157304171792	0.33466413868388883	0.22986018649485457	0.44088901700264727	0.45566987816767013	0.6836973920111533	0.5733619204419602	0.3091070086868485	0.2329153789224055	0.5134473308149222	0.1989229471726524	0.13822920598102392	0.2552098504052219	0.22078319431083882	0.20456155259716902	0.36425500233729574	0.4430299711116907	0.3335364077496523	0.3265634250386408	0.1679328537197858	0.6508870251636601	0.5371436848502907	0.18696268013765174	0.3125044752251557	0.2770202027885397	0.46514070929530016	0.4541822567231295	0.44263986236938485	0.1779347096400724	0.14236349834763057	0.2067881078165473	0.3887458677569994	0.28457085047781433	0.3848386756911342	0.4839230576454546	0.09175271024425183	0.28143966687222	0.13335513891216838	0.36870981028872035	0.2735349744868082	0.5059279650286457	0.2737127363157736	0.1420277492516011	0.4005204442003242	0.5265357016624845	0.42603898963408315	0.4850670946684586	0.3683551996951956	0.5920252472693983	0.21347889368365683	0.4991459318288081	0.29585620333756435	0.20163293938903135	0.6732729218369489	0.43492650761982266	0.27954172672215133	0.2888857008348832	0.4714625671396994	0.3136671159555661
Feature 20	0.624366853997908	0.4166416191893456	0.3916020711147911	0.5812533653396849	0.490182745630516	0.40648061812923497	0.7733113009567276	0.31012724313576945	0.37557313639859846	0.20273143339069427	0.33736624250576125	0.7819353233235455	0.6203564544913547	0.5038963174369867	0.9373552452944994	0.38411378501119886	0.33756019227016776	0.3536690140733925	0.7260823475847136	0.5052158468901405	0.0	0.9367944749262104	0.8157821155626143	0.42777011597743453	0.5541448484634578	0.4906255349444701	0.33506677106778665	0.5488184266295216	0.42325881299268625	0.4444607892350381	0.14196856413390338	0.4630295081024768	0.4460542381489434	0.2762210494676973	0.5446801238011386	0.6940748583660248	0.34856024737831937	0.7089951445728537	0.4928921775259465	0.3618775144534261	0.6308749037999922	0.3437445443687106	0.2879292065627343	0.6437308572362028	0.4711420489275596	0.7547088419288193	0.7442117439467334	0.6489463991037283	0.5034338964989467	0.3973125322920711	0.501642399627241	0.5727604073875693	0.3525784368041814	0.3403536211939964	0.8421492504073721	0.44496181356428016	0.4911511762414393	0.3590710635675184	0.3855202446752873	0.26179147543645526	0.676802514576015	0.6996188721896291	0.2676412772604205	0.43159792561656324	0.1823001681739985	0.7995735014587592	0.9061722876181558	0.5877253440657645	0.25910555340074737	0.41476395274734557	0.526772602269609	0.5127515641671142	0.6456375453667198	0.6552665911554224	1.005011527724694	0.15429281639995032	0.2312154196781522	0.6493703847228505	0.6142956545959792	0.20077938453738473
Feature 21	0.3310750101019042	0.784662831780464	0.5605615974859165	0.6978602319706704	0.4687214880713481	1.015503610578425	0.19181265748925705	0.6553640463854574	0.9336317502469835	0.7390409403004695	0.9499477205759125	0.17619626953489567	0.4184231763118867	0.4357304688402933	0.5496446288412014	0.7449524093570031	0.8393808076420275	0.5956079367808217	0.8249455934144809	0.6577157304171792	0.9367944749262104	0.0	0.6814372517252426	0.8808879037704335	1.0924210152889557	1.103907266539543	0.8673940540133915	0.48541377234862015	0.5171038021574508	0.8782486547135679	1.0295033933060147	0.8081645880135028	0.7890265418723942	0.8307012265757492	0.5496686244573276	0.5423627957073639	0.5896304139710367	1.0745190825637618	0.9678270916659182	0.5754507525629635	0.6810702607349332	1.22137577721744	0.766078042835369	0.6108482810287145	0.4700197789050488	0.6002493462093085	1.0739591816643026	0.3059436833527978	0.453935985428224	0.7899299264545506	0.5437612191575386	0.4941305298943168	0.6022790395880991	0.9087919617292168	0.4470882647469433	0.5618930717379236	0.6302198617842999	0.615250723472165	0.7203176799617796	0.9462732963007796	0.8621098866078045	1.1441520787527593	0.7165000839825202	0.7690857399053115	0.7666575206365638	0.14666961911594825	0.6967899980496384	0.3803411269430344	0.6804373608629015	0.6604389282356681	0.8566836511508611	0.4680863376563126	0.9222555370062819	0.48769622361309267	0.1606225761465365	0.7869638622199927	0.7755132808231114	0.42776296996729934	1.1154209489772826	0.7674116134312932
Feature 22	0.5102899225643285	0.41461987247868903	0.6888682062851533	0.23972499706521608	0.507069167111812	0.5984254512506677	0.6627432321439986	0.7377647016288267	0.5402215653511924	0.7134368967759032	0.5818743644543304	0.6823679824236336	0.7842710757413286	0.5511593723027504	0.2115899671625366	0.43527250470459145	0.5063260279361677	0.6515291610715055	0.19562361464164496	0.33466413868388883	0.8157821155626143	0.6814372517252426	0.0	0.4760668195580119	0.5839079796832451	0.6396484340563348	0.9938206689978406	0.7950639436880902	0.5603260301762518	0.44784796905165863	0.8116290357837144	0.3871909918684977	0.4017305912566998	0.5666392893799638	0.3464157265018461	0.20636052551724002	0.6402847307326728	0.4809543877277368	0.48720369966566746	0.602243314178549	0.18597989907495732	0.9253379932094563	0.8529513764756143	0.18439269774594685	0.5433617407179367	0.09571008596777557	0.453915180164884	0.6243829377448963	0.6776867795442272	0.4333360023038601	0.37077196808350077	0.3352374547374329	0.6822200236306498	0.5587608664375792	0.24116910561637328	0.7590915320958918	0.33312354199987126	0.536585325834829	0.4319905084049665	0.6343180594558923	0.2698622186255327	0.5599587478075794	0.6016266227929101	0.3966581894018031	0.6950498868429565	0.602749608470597	0.09330204497518703	0.6902931137143682	0.6602205713305682	0.8687356154116308	0.36919254443809285	0.7249208190906408	0.36092664217553916	0.2642154414286577	0.6193150025017876	0.7447954541742695	0.6044567074374899	0.3396946512901764	0.5715763316933598	0.6312724213541342
Feature 23	0.5831175554488941	0.1433669863462147	0.5314529211138358	0.27499552534761107	0.4482480026331013	0.15405748008028727	0.7765844637409112	0.5111738878855424	0.13517045945101536	0.43651880202873167	0.15266187168224177	0.7869477492375672	0.7516300798001257	0.5059358074215592	0.6550381776059307	0.15742656381309522	0.15186123497205475	0.45877783238541814	0.33336892468307944	0.22986018649485457	0.42777011597743453	0.8808879037704335	0.4760668195580119	0.0	0.23129089963738222	0.2301047854930967	0.6979699470978816	0.7113959757553655	0.45359122505188854	0.06502062651206869	0.3734313726216149	0.15700286045599288	0.09634839637663335	0.1647849840868425	0.3919791480393528	0.4170348128069189	0.46623226435758663	0.3055275244209944	0.15980612001426828	0.4394007801553842	0.30604660225750024	0.45638698904600855	0.5692419192489682	0.3625023579972561	0.4776740398608229	0.45252568870159793	0.3506697434565264	0.6498491730742617	0.5943650097350988	0.13231522103098187	0.3430243307762437	0.41139113130796645	0.4856605377583234	0.09500697431346104	0.5971800504199304	0.5985850428989817	0.2661395159381823	0.3805985733019956	0.1809019622224793	0.2124840964447907	0.26626318984743325	0.33720165524910417	0.3048055651170308	0.1336149019716939	0.405085247553575	0.7455794663948292	0.5673120727889687	0.6562563624808664	0.4220169748015803	0.6736762021488337	0.12583898272020802	0.642283939639571	0.21934786844334292	0.4275393710691576	0.8991132262284335	0.4333116088444749	0.2586888865890048	0.49776353592883327	0.2815945763265085	0.30418049746658815
Feature 24	0.7932628234137173	0.320822639514009	0.7446811326025244	0.42073722907906835	0.6729248704208469	0.1487868341148454	0.9889947641202358	0.7163221497073051	0.21287304204487736	0.6190753087690438	0.22972893804130698	1.0045766978886	0.9640930851293468	0.726954845865596	0.787527580059774	0.3669938901786104	0.30735420297832255	0.6767934845169852	0.3968671281389265	0.44088901700264727	0.5541448484634578	1.0924210152889557	0.5839079796832451	0.23129089963738222	0.0	0.0838022930584489	0.8692002919536873	0.9234909835096347	0.6692448492935428	0.2179667153037682	0.45025332557265757	0.2972840054287692	0.3085888315990208	0.3589386263131673	0.5723881697087848	0.5961107123897851	0.6750607828433426	0.19352549874163927	0.1426637773867705	0.6520257146461599	0.45064910269847486	0.437195373922641	0.7609257582639347	0.5196308041766924	0.6956843365506422	0.5924709076458293	0.23680497730786965	0.8758423449971989	0.8157701917754551	0.3189441079914359	0.5534011559756508	0.6065055560248833	0.7015109834682742	0.25409984246533834	0.7619069155933977	0.8179512003850857	0.46433786902465035	0.5769998433999518	0.39258713615713847	0.3015739882181216	0.3240194092278033	0.15050625241313223	0.5173274403001983	0.32837032263805227	0.5764150658307465	0.962997715263983	0.6621528088503987	0.8804954603591658	0.6161767762769914	0.8737932036331035	0.24226044598759122	0.85684469910833	0.25308997393907345	0.6206318547634352	1.0930056833792563	0.6080250754983203	0.45786624620448285	0.685945012695224	0.07278997863867083	0.4947293234034687
