	Sample 0	Sample 1	Sample 2	Sample 3	Sample 4	Sample 5	Sample 6	Sample 7	Sample 8	Sample 9	Sample 10	Sample 11	Sample 12	Sample 13	Sample 14	Sample 15	Sample 16	Sample 17	Sample 18	Sample 19	Sample 20	Sample 21	Sample 22	Sample 23	Sample 24	Sample 25	Sample 26	Sample 27	Sample 28	Sample 29	Sample 30	Sample 31	Sample 32	Sample 33	Sample 34	Sample 35	Sample 36	Sample 37	Sample 38	Sample 39	Sample 40	Sample 41	Sample 42	Sample 43	Sample 44	Sample 45	Sample 46	Sample 47	Sample 48	Sample 49	Sample 50	Sample 51	Sample 52	Sample 53	Sample 54	Sample 55	Sample 56	Sample 57	Sample 58	Sample 59	Sample 60	Sample 61	Sample 62	Sample 63	Sample 64	Sample 65	Sample 66	Sample 67	Sample 68	Sample 69	Sample 70	Sample 71	Sample 72	Sample 73	Sample 74	Sample 75	Sample 76	Sample 77	Sample 78	Sample 79
Sample 0	0.0	0.21737648803299997	0.5167424071950519	0.20351353594499313	0.3845609853795587	0.2663094203942883	0.17334493870198495	0.633246907709346	0.46361755192924203	0.14362035596092487	0.28096764578643996	0.45039214070544614	0.15951648610489577	0.24567786193381544	0.21801534795329805	0.23371443296763164	0.12571975306630184	0.39321157150389596	0.06397935778693115	0.42709737499878564	0.5996551937080109	0.11224908442394302	0.648740672726045	0.1055197572168682	0.48390303302865106	0.8555032002945733	0.38841054077446446	0.10426582889346812	0.3990813820940751	0.3899876380710678	0.5095712032680481	0.3512632546511631	0.31461791115654847	0.3375370947372813	0.4472159181968464	0.13680428143802162	0.12205777107647864	0.5316490141409461	0.4373761645177816	0.3584500901961156	0.5838964157308835	0.22528690386311803	0.19153913728466382	0.43191058559470513	0.29317959780147734	0.5459698349029559	0.22646648672245018	0.20393558601414472	0.40115821665378715	0.06292621412708825	0.2828360173528045	0.3302369539476552	0.2790270138691108	0.20818659657002037	0.11405447037763766	0.40634633153718874	0.1958903860478614	0.5003128383711244	0.3266177053630849	0.41512404995766095	0.1685268986574393	0.16062504691495186	0.37600555023117266	0.18954632596001256	0.5855900189435314	0.1313249016416703	0.22417815075798922	0.2799302215776541	0.44505748549712565	0.483151049228736	0.18243395938074902	0.1097124295049792	0.13497349130876005	0.2636150234038111	0.16596853294127006	0.41802513439341404	0.12469821917391866	0.5897796223164361	0.3648427531974323	0.7123967674490295
Sample 1	0.21737648803299997	0.0	0.7100054729377032	0.28424554391137485	0.4889918729808095	0.25515517397246834	0.20573606745137013	0.7489646345375969	0.389120889827718	0.24278048080438971	0.44275404288859704	0.6537625033922551	0.1805848443359189	0.04998871368940627	0.09402163453903142	0.2451105638192228	0.33026178847690096	0.18160954985532957	0.28075597483624265	0.4134335996629102	0.6059177152768297	0.3066853570856741	0.6727395197493582	0.2884454411517383	0.7008870272568942	0.9146708242398081	0.6019560804531423	0.2927828268783075	0.23239352434476215	0.17573423071124214	0.5332576257910396	0.5069967006467089	0.4706641505569644	0.148150222110714	0.65889657040665	0.21369220093889887	0.1714061626678109	0.71351474358494	0.3515466365859862	0.575056143935432	0.4587466465158599	0.29147239978193107	0.3910613662784091	0.5386870463971406	0.08913814195772528	0.4606994872715849	0.1122278067478112	0.11758372836312612	0.5653141034333073	0.23993942921487046	0.4774854683232924	0.4963161617000794	0.16531449998837328	0.08569786182159164	0.3236362011341766	0.28071412604353146	0.06778176238356756	0.6265138494695504	0.4789464535677731	0.2326243904414928	0.371412836445494	0.24433181583839772	0.5495755027836692	0.3940584279622677	0.4844164981241745	0.2690190493788042	0.11773061770944813	0.2530555824308599	0.3877508141627638	0.6686880168403176	0.1652580843012529	0.16073951392480465	0.3352707686541862	0.3401988414041244	0.1982944137492873	0.4096465529884697	0.26746683334733434	0.37830039326461506	0.5737583880902631	0.6732848660394546
Sample 2	0.5167424071950519	0.7100054729377032	0.0	0.6534544363134808	0.3707354697298789	0.7584660887353954	0.672438216188844	0.8722645621317856	0.9562361293415573	0.61966754582589	0.5701864111412339	0.4618427419991074	0.6670150927151068	0.749759777055454	0.6659729883189014	0.7228579183331686	0.39171892513110806	0.8880343154859265	0.4618707618104038	0.8888594078146632	1.0161332078196321	0.41605883900013946	1.0364301877713056	0.44921708291100865	0.2912550971304011	1.1601379619998646	0.20691868637974417	0.5163578380041374	0.9151688291866014	0.8841890884105159	0.91971422201119	0.613799441907037	0.5971023590511276	0.8437093196498732	0.3927458950522229	0.6291701759432236	0.6236615168134934	0.09671748189757223	0.9390241060517045	0.2588442403833579	1.0932514551438595	0.47133362459793954	0.4700639900929752	0.7535301247265366	0.7900805922782168	1.0403202994320748	0.7428717408008019	0.6361796485404992	0.6038266715212147	0.5366651708278253	0.48228114893159396	0.2596257383071411	0.6966664348402274	0.7228497263143467	0.43870155184945925	0.9178876333319215	0.6598540182945714	0.7585139439763197	0.6119192089619895	0.8292796945661505	0.46777279499163155	0.6317712742435011	0.574658796279382	0.33997889698600553	1.0855335171251526	0.5831840275902986	0.649838879284332	0.7749795077290799	0.6663928577925078	0.07280356127192784	0.6942400182333623	0.5617399679836756	0.47586509953039635	0.44143654216036315	0.6631539456703215	0.5831121939273148	0.5724604558711841	1.0822044268648587	0.3430570998978159	1.1620319555156036
Sample 3	0.20351353594499313	0.28424554391137485	0.6534544363134808	0.0	0.5859794259131662	0.13637105697739554	0.10505279340667373	0.4841732602419438	0.3060068493066401	0.08394015319323436	0.24251996654608468	0.4498817075548837	0.12520097008478456	0.2802553508044679	0.3446166013726796	0.09931050177457464	0.28992842773072813	0.39714329123074127	0.2257469366723323	0.24933877593736548	0.4116720587666091	0.27492559752445356	0.45692417304329813	0.2907339162835959	0.5330707951942069	0.6691238151161408	0.4925022626137351	0.14638079549032895	0.3394414437676414	0.4046383223033125	0.31257298105105	0.2579744877772505	0.20531926246202578	0.3174575024408297	0.47193387586759017	0.12791474833039115	0.18878301060071592	0.6878350091467285	0.30435476264620864	0.44494670427022476	0.46411625407142876	0.42281968839219525	0.20115720111636098	0.2772398225846585	0.3116122956603322	0.39899677700608177	0.2140732753288404	0.3475863394097143	0.29452146079793995	0.17475862055149097	0.2751594668659526	0.5120305143921601	0.4121293896525449	0.22119489933222317	0.22092617712097654	0.33292616048051676	0.30544209455578	0.36212995593846153	0.21898096509171427	0.49578644456937726	0.21082004639354643	0.046826004041891876	0.3006059143234214	0.34648092065886865	0.44308928076298865	0.09698543214679123	0.3599838762070714	0.13986871627746897	0.6193613681334545	0.6359784878191205	0.14083321504496224	0.24985030594971452	0.2183022586822813	0.4631812529120045	0.0862027641338278	0.6102910502817317	0.1524563511324426	0.5867899916082663	0.4422895860730885	0.5390664152479254
Sample 4	0.3845609853795587	0.4889918729808095	0.3707354697298789	0.5859794259131662	0.0	0.6386168019627552	0.547774948752853	0.9468088088171661	0.8343242457945745	0.5219608732766406	0.564988516018558	0.6109181093059136	0.5292457022797363	0.5328153667143525	0.40970079239534196	0.6114855327680484	0.3159364730734321	0.6521719434690063	0.36533694803328237	0.8035808577031445	0.9723564477737382	0.33116032725306255	1.0194909099596792	0.305339793247886	0.5481177980781538	1.2082577905643268	0.39418978021634044	0.45467645163913606	0.7154722058669212	0.6382596097371362	0.887589310996233	0.6521746442034523	0.6353185991004697	0.6364984411817936	0.5696878034569569	0.5038025975920286	0.46013619532250327	0.31800367720709183	0.7955183194827921	0.42024103630167026	0.9229142641945906	0.20897648462637322	0.48161740658764474	0.7712443560953474	0.5728782093435179	0.9051594718417568	0.5588915946105198	0.3791678290186512	0.6969480197750918	0.4212954982976592	0.5300271589261962	0.15640291410122406	0.4056511405752501	0.5322084144730924	0.3960024244252392	0.7290850169691668	0.43192182589253336	0.814941620645839	0.6442931556518833	0.5586547575026848	0.4513391242492896	0.54484329032419	0.6511299204214362	0.2885439217580028	0.9408555412769386	0.5032282451354391	0.39319969320722153	0.6553562601992163	0.3330710014269288	0.3021727559466968	0.5465898098164339	0.39146865324133784	0.417197157841453	0.165556532184721	0.5469709057464484	0.23045207548491956	0.47255805228339864	0.8109863912622363	0.44393179483987877	1.0782472429220582
Sample 5	0.2663094203942883	0.25515517397246834	0.7584660887353954	0.13637105697739554	0.6386168019627552	0.0	0.09304120382277702	0.5115819213063308	0.20662922040293302	0.13883072132282553	0.29702549959024893	0.5377745700535752	0.1111475949637043	0.22843674354585483	0.3291924107156917	0.0395918816478729	0.37947435129665985	0.32615731356252403	0.3046564847024414	0.1704014833465848	0.3579155911820791	0.3665860058582214	0.4215671005511501	0.3463496540586212	0.6464897713015675	0.6612114887004753	0.5944122658222419	0.24314904714856211	0.23351478112720542	0.3281532358392806	0.2857767289855582	0.32585189195548847	0.2998059500066736	0.24886777023372786	0.5684099501654191	0.13917581983380928	0.18214171808231536	0.7809773229545548	0.1810337728224779	0.5491506405659299	0.3395320561986214	0.46822563764826347	0.31296601410573277	0.3067794619615328	0.2627324839465713	0.2833958074261004	0.14812662286989922	0.34332342283433714	0.39408495059160975	0.23116471678775685	0.3643496170266025	0.584701852394988	0.37944203900980533	0.17088481699231114	0.3263918361930661	0.20145158554244907	0.3027222819194542	0.4018974725858816	0.29863200191150124	0.47023644063698516	0.30494850924219186	0.1417260978253713	0.384429661076148	0.4296455076743808	0.3271582478843672	0.17629563097016662	0.35833191418410204	0.037849650172688425	0.630839727169529	0.732297544212791	0.10156653522346017	0.2991916210164757	0.29319063447878924	0.5133912264420383	0.11968123661188947	0.6304838930637624	0.1962966172094161	0.4851484704669331	0.5249319206926288	0.45064883437092657
Sample 6	0.17334493870198495	0.20573606745137013	0.672438216188844	0.10505279340667373	0.547774948752853	0.09304120382277702	0.0	0.5434487593295173	0.29490784282038446	0.061388757221463905	0.26252431639230395	0.4935022602352072	0.026865758044047054	0.1960381505598616	0.2651172543735865	0.06411546663351776	0.2887061809142996	0.3264575369405271	0.21400981547317108	0.2584467372710035	0.4398210791133779	0.2758435590173974	0.49743816499220245	0.25592956420409985	0.582093127190502	0.7250030175134546	0.5167121120552205	0.1627281647615779	0.27299368877908375	0.32606972935353173	0.35864796032208657	0.3108748712675193	0.2789911300022087	0.25242629042102005	0.5144703712994505	0.05369520469560004	0.10125141303964033	0.6925626341655711	0.2679811498553061	0.47495761566873046	0.4211872890326347	0.3792776684127807	0.24709496151928273	0.33313717746453947	0.24190167426002115	0.37423170505971165	0.1254256475865613	0.2728376721416256	0.3775066027731636	0.14128551777974718	0.3140692529639405	0.4940173328253708	0.3217179654066319	0.1329222772587295	0.2413734942550664	0.25917166804005526	0.23785049891509388	0.4210348159641997	0.28266465457684914	0.43297109406079015	0.23370473756460358	0.07999660573447141	0.3608766144691852	0.34140686325803554	0.41600123015216445	0.10171496024717938	0.2905832605158201	0.11105585907622352	0.5576407116575642	0.6439479756327371	0.04581896471481109	0.2155615029029234	0.21491002090455244	0.42334966489472076	0.055601247137594276	0.5498871683014499	0.11942183069128373	0.5070533207709826	0.4579511877419872	0.541621966361217
Sample 7	0.633246907709346	0.7489646345375969	0.8722645621317856	0.4841732602419438	0.9468088088171661	0.5115819213063308	0.5434487593295173	0.0	0.5539530525891727	0.5178362749433563	0.3869363043176115	0.4318002894127346	0.5692594036073072	0.7332263759297643	0.8023870016851029	0.5101788639595902	0.6624114215200553	0.8354194408191158	0.6148516488490746	0.4321040766644318	0.35281560077650254	0.6711722894026142	0.30915540105194905	0.6636439103947067	0.6108419250877767	0.30639099265400616	0.6720735769725903	0.5347480290037272	0.7228177025523537	0.8386490141759768	0.33412503605752797	0.2959542006903767	0.334795596615935	0.7564448174426531	0.4988504422057805	0.5476835110534528	0.6089742204605856	0.9216843577414883	0.5717083119487099	0.6176640817170324	0.6879742576270617	0.8503599978938517	0.4873976937719783	0.21047523104214944	0.7706720661420463	0.5791856733163678	0.6540113996844321	0.8047329858334128	0.3006023516453079	0.579700715398195	0.4220292288726607	0.8207370055309446	0.846564220058975	0.6708212156017657	0.5963280632967605	0.6562855158748955	0.7772362851053612	0.1341531556172367	0.3139507594013845	0.9716275255482921	0.5041295316878052	0.5239110590654968	0.30694776760813974	0.6644464146011981	0.6273896701803008	0.5086970618904626	0.8265600884778607	0.5259058406585011	1.0756053982557627	0.8795093505648963	0.5843774454126904	0.7178330497541957	0.5391745584430806	0.8794380556260473	0.560823345589409	1.0413370286871169	0.5260173883349475	0.9728872446153058	0.5710808944751684	0.5020984460603607
Sample 8	0.46361755192924203	0.389120889827718	0.9562361293415573	0.3060068493066401	0.8343242457945745	0.20662922040293302	0.29490784282038446	0.5539530525891727	0.0	0.3404864103272906	0.4730910257748412	0.7060454550697729	0.30831463948258625	0.34778635619038356	0.4784223978562839	0.23681330407188403	0.5776895508076372	0.3580942268895051	0.5061052032777332	0.12623606612616897	0.26729141521676425	0.5597162244517235	0.34211188949877536	0.5504128191682209	0.8263728394140897	0.6004195551946486	0.7913503720069425	0.4407020589325149	0.22183809948613692	0.3697905486422677	0.23565031058496466	0.4709980855389815	0.44580930274985814	0.29541808547697185	0.745206014184683	0.3447602680609292	0.3794534473704062	0.9836404216611261	0.07719608576238345	0.7430478687648352	0.18358624569252763	0.6505620725315137	0.5002849852214526	0.3902914529248558	0.3476331498278792	0.11221280176721554	0.2880206590132512	0.5005080011450298	0.5196349186351576	0.43566086832190765	0.5449129859212255	0.7888829674016021	0.5243079384652131	0.316550159550565	0.5196198018479735	0.19642302276477044	0.449081594512448	0.48332248682126594	0.44385609725820385	0.5465731472959664	0.5016315046861711	0.3256194518284777	0.531473549081584	0.6335951760745875	0.14498502422696938	0.37594410625441127	0.5060550009782344	0.18480726034893377	0.7757248887865045	0.9335997396350408	0.28803363540866084	0.4707402019859749	0.49690194937330845	0.6981030795552065	0.30161560860300274	0.7959848836496659	0.4022881681463618	0.45574202007716735	0.7200229106647672	0.3043362277711404
Sample 9	0.14362035596092487	0.24278048080438971	0.61966754582589	0.08394015319323436	0.5219608732766406	0.13883072132282553	0.061388757221463905	0.5178362749433563	0.3404864103272906	0.0	0.21538523920445118	0.43628948863678557	0.07370447281239377	0.243075445131251	0.2886644077056572	0.10400296228525116	0.24399521210419434	0.3799877307661387	0.169752576222193	0.28704976392177733	0.456104148765884	0.23470285267088742	0.5061847748067024	0.22163784257863778	0.5209275689876243	0.7199601356592747	0.45926723101937456	0.1050608089802664	0.3337347972641015	0.3799864514905006	0.36820733971367464	0.26525407959382546	0.23002120687349914	0.30678376364392285	0.45505312805931936	0.048672828045475465	0.11142505673536475	0.6436465734800491	0.31957874053309754	0.4159786187892293	0.47635660398485263	0.3651652827901261	0.18575531912972884	0.30890633157262776	0.2896296610643829	0.4216301690063789	0.1807508482469749	0.2898061362234476	0.32829379888913746	0.1021690566375137	0.256135259972987	0.4537980115105437	0.3469956733300483	0.18219211746491354	0.18969443971757372	0.31855339804297633	0.2606558542585884	0.39002314241155794	0.2362306932983935	0.46817263139397003	0.1739532921184015	0.056149158954069585	0.30951144702347766	0.2935040527468768	0.4659239022342242	0.040558785965687	0.3091977605256459	0.15777517203637775	0.5652774373425228	0.5943168551446971	0.10243564812931609	0.2102903046227532	0.16124299986577187	0.4056940299155802	0.07641087956127267	0.5482354364077491	0.07568355212168762	0.565721604180716	0.4020434439775451	0.5724137975333888
Sample 10	0.28096764578643996	0.44275404288859704	0.5701864111412339	0.24251996654608468	0.564988516018558	0.29702549959024893	0.26252431639230395	0.3869363043176115	0.4730910257748412	0.21538523920445118	0.0	0.25031938214185023	0.27793045467004557	0.44395275713561805	0.46538126436442523	0.2775510538495372	0.30247084771975324	0.5850032028746411	0.2517059315090814	0.3709402969062325	0.4707083715024483	0.3201775023908634	0.49686415279952284	0.283700865483282	0.3993209167238135	0.652559194088483	0.3709379465026265	0.1957310190196317	0.5206366110535733	0.579591989440025	0.39779334523332177	0.10644085517330124	0.1433389884741172	0.5139887736197306	0.28992019624539844	0.23219180460091973	0.2759053683377372	0.5979142009896761	0.4534839667893502	0.3207711868385862	0.607030997474934	0.4784535639125473	0.1636720929516816	0.22061585901964728	0.4986817826567831	0.5302590266283937	0.3806009047046975	0.45971819573879574	0.2212722001257314	0.22416825105569582	0.1034271648154614	0.45096831887593525	0.5018436665773282	0.3838736168752682	0.25646487896762893	0.4698126588279404	0.45230164312732285	0.25640989180324975	0.12123241070686026	0.670708260961548	0.14599078520497485	0.25066254848199915	0.1440636222642697	0.2946518183712327	0.5824939099769804	0.18986727671438547	0.4876515370758456	0.3263863014760592	0.7094644575751945	0.5546009427608951	0.3053613408728797	0.3854187888215235	0.16369310168975693	0.5045023365373277	0.2892469419017193	0.662865843845771	0.17705612356065478	0.7510257339972691	0.26357374246534854	0.6084040749720562
Sample 11	0.45039214070544614	0.6537625033922551	0.4618427419991074	0.4498817075548837	0.6109181093059136	0.5377745700535752	0.4935022602352072	0.4318002894127346	0.7060454550697729	0.43628948863678557	0.25031938214185023	0.0	0.5061620531936707	0.6662493021173036	0.6588473678531606	0.5126967160797165	0.39735596885186036	0.8128075132506711	0.3949295484798909	0.5965201857238934	0.6566992292665602	0.4257349447040567	0.6572110894081616	0.41854320981645604	0.21054325438264604	0.7352660680640446	0.2648267329167256	0.36862298820975375	0.7626231950974899	0.8091219677226912	0.5830210455497473	0.24126476537845365	0.2746304601254681	0.7425326621885393	0.07201017722813036	0.45918656048132145	0.4946095557099072	0.5067315661623822	0.696506204654001	0.22154450383537666	0.8514693369363208	0.5941264725832627	0.2798697927379733	0.37079692668761743	0.7185002049582468	0.7672545201706189	0.6121058311429031	0.644163655790847	0.25222750001833105	0.41443359239723226	0.18031058156615853	0.4604140434748689	0.6956621261486045	0.6099552462593688	0.3710632763646135	0.7191855951057216	0.6449877084799243	0.33732940136267464	0.2679658941735421	0.865346977288392	0.2848114643945627	0.4584186440803402	0.1868709697920152	0.35333955726063143	0.8202308265147751	0.39997179941124655	0.6701822037075744	0.5623359398223378	0.8424038036480522	0.4720558248515568	0.536069425307824	0.55199695523918	0.3218181127629844	0.6019367140663822	0.505707933528979	0.77550832131923	0.39375346963043245	0.9914594376881254	0.17407071638231336	0.811096916746472
Sample 12	0.15951648610489577	0.1805848443359189	0.6670150927151068	0.12520097008478456	0.5292457022797363	0.1111475949637043	0.026865758044047054	0.5692594036073072	0.30831463948258625	0.07370447281239377	0.27793045467004557	0.5061620531936707	0.0	0.17330839817763857	0.23827121153322428	0.08629213816963789	0.27972615318663874	0.3091848701555959	0.2058138308535335	0.27997241800009726	0.46364055508969154	0.26577016230482964	0.522548493154642	0.24310414539444877	0.5885754031443979	0.7514816815422517	0.5167108152199906	0.16542786313547855	0.2659228053987658	0.3075965818994065	0.38376524655953337	0.3318113281863593	0.2999815881889831	0.237802433738287	0.5243182268418634	0.052098638484485156	0.0814885212423675	0.6844824821907214	0.2781467517897943	0.4771175343510056	0.42716501086240216	0.35749268171399073	0.25562778531178737	0.3590214943370165	0.2220124818077511	0.38663211497069894	0.10743685589296235	0.24619654561786297	0.39846912211197977	0.1337126911039974	0.32643326366024417	0.4818158890248704	0.29547969321828554	0.11075438476669472	0.23836494751639822	0.25798055519675206	0.21199934401365111	0.44604316916509495	0.30425446545489787	0.40937134682916165	0.2394578019586343	0.09261993962129295	0.38016481375925987	0.3341499947470683	0.4265317591056438	0.11118878846679844	0.2641761742505524	0.12659074447850321	0.5315815303173798	0.636313984652642	0.030934365482622957	0.19522667673859762	0.2157224867467119	0.40234085894124977	0.059033083406549	0.5249666910176709	0.12193138150532765	0.49232711471452884	0.46162802191346636	0.5610119784221678
Sample 13	0.24567786193381544	0.04998871368940627	0.749759777055454	0.2802553508044679	0.5328153667143525	0.22843674354585483	0.1960381505598616	0.7332263759297643	0.34778635619038356	0.243075445131251	0.44395275713561805	0.6662493021173036	0.17330839817763857	0.0	0.13501591885166658	0.22549399263209605	0.3650472861514453	0.15313784712749248	0.308643641863144	0.37915886502140167	0.5712208483896876	0.34289573883964153	0.6406760385604906	0.3191903263593283	0.7264262796408136	0.886981902944032	0.6326143325682767	0.3089776659816488	0.18441640064846485	0.14580516767453508	0.5044282083969206	0.5048617651449341	0.47132605125438526	0.11149608021445669	0.6765234509183675	0.21277214324316918	0.17712487719698763	0.7542069944480344	0.3067896383815167	0.6028836193321634	0.4095148489518551	0.33884935243718417	0.4071543030130538	0.5241464374859433	0.06836655467510212	0.41460643648338336	0.08060265215268266	0.16172636706883275	0.5676406208473653	0.25743471104025095	0.4881114280935266	0.5360386291074443	0.18927343144882905	0.06335764868042941	0.3513479724588123	0.23183034035917335	0.11774900378470476	0.6147648453307379	0.4773209705448469	0.2506043948753258	0.3877043936646332	0.24524171389991536	0.5521392738693813	0.42682616653122424	0.4370437246045304	0.27470755235694116	0.1644777040800713	0.22495893531693117	0.4295574466001109	0.7092094030437668	0.15131345440550362	0.20224313034379326	0.35273789057689753	0.3875355499247144	0.19485005376813055	0.4531327987131906	0.2740267339806469	0.3451333997576795	0.5952332638753159	0.6304395444817253
Sample 14	0.21801534795329805	0.09402163453903142	0.6659729883189014	0.3446166013726796	0.40970079239534196	0.3291924107156917	0.2651172543735865	0.8023870016851029	0.4784223978562839	0.2886644077056572	0.46538126436442523	0.6588473678531606	0.23827121153322428	0.13501591885166658	0.0	0.3161058918977044	0.30935045499708547	0.2444120689303681	0.2739482199466808	0.4942149926713986	0.6851186279628311	0.29040250059120093	0.7506959884073393	0.25812728137915697	0.6907585442390904	0.9874806545051161	0.5755216815776676	0.3132634978553353	0.3152251817384145	0.2302554630253937	0.6123944808986532	0.5422011070640369	0.5107239283741772	0.2333182221685739	0.6563726006611876	0.2548554066754291	0.19678200342981003	0.6588947596153815	0.4357758519539458	0.5567129211851967	0.5395015207632006	0.2196560239720641	0.4078132246833239	0.5932984136113767	0.17040660608079167	0.5446815013917662	0.19324045109189655	0.031991550465277234	0.6045669617635483	0.251139022029316	0.49126523828735336	0.43739648640737033	0.09057062324171275	0.16503863468793312	0.3259225894370921	0.35411244892513377	0.06231730841255257	0.6752740931539701	0.5183509190891159	0.2270910248064059	0.3811135107572643	0.2999758776558872	0.5792514734322988	0.36354609930704107	0.5690862162586141	0.30564482989865804	0.0474272584899788	0.3336782487310573	0.3051624897033282	0.6180301706986847	0.23209180105767235	0.15982033291912146	0.3375433131150847	0.26631088114048146	0.2628547749974711	0.31883286401147154	0.29061761676888065	0.4181595962180369	0.5560543733212278	0.7542714004010589
Sample 15	0.23371443296763164	0.2451105638192228	0.7228579183331686	0.09931050177457464	0.6114855327680484	0.0395918816478729	0.06411546663351776	0.5101788639595902	0.23681330407188403	0.10400296228525116	0.2775510538495372	0.5126967160797165	0.08629213816963789	0.22549399263209605	0.3161058918977044	0.0	0.3442302994549669	0.33405652386246104	0.2707269987502529	0.19607598854744052	0.37977336766455994	0.33048349768254537	0.4389206485160437	0.31743126826095414	0.6131665302097117	0.6722527591842696	0.5609088288921572	0.20693030487593092	0.2558479950914425	0.3373421849774046	0.2988312379530486	0.30734229356902104	0.2748641820172349	0.25522206529373975	0.540149281799455	0.1126510005134243	0.16279778820422064	0.7473653094034954	0.21768418503009818	0.5157017100718113	0.37623254613268425	0.4411910047251134	0.2779879488074863	0.3018104890645165	0.2609552105800509	0.319743474368738	0.1471658623739117	0.3272400867547435	0.3698086009666959	0.20006926691246057	0.33677196873219195	0.5540687221550992	0.37226828494297154	0.1648165940561301	0.28884358866588933	0.23516758368778	0.2858062036957119	0.39514609593188327	0.27720098360180845	0.46345699710001825	0.27216220101891125	0.10216341670849641	0.36226045108875715	0.3968613738400584	0.3631293551566115	0.14131256553393728	0.34189910435378656	0.05495847990310058	0.613018721290922	0.6979365964133162	0.08422446088700487	0.2694798323828896	0.2624845332140602	0.4856380407305368	0.08449816664436842	0.6103617084719548	0.16861539188577432	0.5056269135180063	0.4970220711169002	0.48227363244635585
Sample 16	0.12571975306630184	0.33026178847690096	0.39171892513110806	0.28992842773072813	0.3159364730734321	0.37947435129665985	0.2887061809142996	0.6624114215200553	0.5776895508076372	0.24399521210419434	0.30247084771975324	0.39735596885186036	0.27972615318663874	0.3650472861514453	0.30935045499708547	0.3442302994549669	0.0	0.5084931886348749	0.07805619728194041	0.5288626696738032	0.6873063449862031	0.04056542492710658	0.7268119221261217	0.10079364169713068	0.38505344973872846	0.9104201402126528	0.27686708336519894	0.1530853904051636	0.5238307456803344	0.5058486426222502	0.5918312590969885	0.3689344139735241	0.3333581042581695	0.4568468856154186	0.375610756770141	0.2486606893261779	0.240876146433501	0.41156126464621134	0.5563450025302117	0.2552945513697793	0.7066644670045009	0.2103567820458848	0.17770743712563966	0.47911529376048306	0.40811641211486627	0.6625508870935288	0.3519331311449196	0.2859405686620615	0.39861561928666384	0.15667055912488095	0.2621984829947767	0.22953345640465248	0.3615744228828481	0.3327763097623431	0.08017832077771432	0.5309451269927608	0.2923250029851991	0.5290598269962354	0.34933352936100737	0.4968409502423589	0.16096610997125893	0.25662185118785313	0.3714792233340543	0.08651852434332441	0.7042748216956206	0.21519892683405548	0.3031477889689084	0.3937393221810123	0.4585166162639057	0.36105942043099776	0.30507298095887075	0.18824172636154904	0.1445434540526641	0.22810022293242765	0.2779542869401877	0.4107343382861522	0.2082496259165215	0.7070109880632869	0.2885544678855868	0.8141098416662851
Sample 17	0.39321157150389596	0.18160954985532957	0.8880343154859265	0.39714329123074127	0.6521719434690063	0.32615731356252403	0.3264575369405271	0.8354194408191158	0.3580942268895051	0.3799877307661387	0.5850032028746411	0.8128075132506711	0.3091848701555959	0.15313784712749248	0.2444120689303681	0.33405652386246104	0.5084931886348749	0.0	0.4570444907950139	0.434344297731068	0.6166651034348778	0.4820047115899017	0.6910491610972003	0.4691144743555315	0.87206065970651	0.9471228820758213	0.7809166975426901	0.4531143807167883	0.1461358918454359	0.03880108413669398	0.5629209171562569	0.6358412081634554	0.5987429222413544	0.08237664137525288	0.8249807925621182	0.3555449558573464	0.3281015350112102	0.8920290452901709	0.3241757925530033	0.7514379950997916	0.3705367511761378	0.45454984718764996	0.5495097823886542	0.6320174098788363	0.10160706482696281	0.4111110403412262	0.2044415514643068	0.2742185702531196	0.6915508713706264	0.4080813414947339	0.6331251604169522	0.6749324899471343	0.2773248066584427	0.2039515670499188	0.49326616706914633	0.24485675121346348	0.2310114832247009	0.7272969515964404	0.6056365535314403	0.2047737022847133	0.5351806071081647	0.37101882139515346	0.6862659021386704	0.5749528943827367	0.41467156976173675	0.4149581569107704	0.2605644327316738	0.31021678003662756	0.4748600146674217	0.8473171372931902	0.281337872790952	0.3296057338726004	0.5036690192131134	0.5014008080273487	0.3186841512360341	0.5281468940714282	0.4215431243284236	0.21734112161654726	0.7477798529591818	0.6430069810646581
Sample 18	0.06397935778693115	0.28075597483624265	0.4618707618104038	0.2257469366723323	0.36533694803328237	0.3046564847024414	0.21400981547317108	0.6148516488490746	0.5061052032777332	0.169752576222193	0.2517059315090814	0.3949295484798909	0.2058138308535335	0.308643641863144	0.2739482199466808	0.2707269987502529	0.07805619728194041	0.4570444907950139	0.0	0.45620719635680734	0.6178359919053833	0.08266388537883568	0.6610262567518288	0.07909151688558123	0.42181032470173613	0.8539385162303583	0.3252129360747293	0.08980394299587482	0.45795574373309994	0.45333485880172536	0.5261529313801151	0.32379686731719526	0.2908414775714325	0.4003763820244601	0.3872585008580083	0.1714547089217702	0.16781473397905206	0.4797811462461871	0.48186999672763314	0.29470139759200126	0.6327123047745419	0.23653851153755728	0.14933880818481712	0.42238835105664735	0.35709810311473694	0.5875758713803081	0.28507605768333893	0.2564592145531455	0.37039863641510296	0.07876551576907245	0.236102257659554	0.28780585590803454	0.3273299668255466	0.2688135410991717	0.0712718718291528	0.4574600176362729	0.25624729084895215	0.4807836263231645	0.3030696411017272	0.47356051121482884	0.12240330020953309	0.1904169146237761	0.33937936473790004	0.1321320556506419	0.6299829783442406	0.1430183141017414	0.27808097397990944	0.32141764503599934	0.47450076697105364	0.4307857181879196	0.2326739425731697	0.16216682730808482	0.09166818897202243	0.2658450377573941	0.21016137033150423	0.4346740494613096	0.13165360499551	0.6519128048366363	0.3034217446906167	0.7398532262806097
Sample 19	0.42709737499878564	0.4134335996629102	0.8888594078146632	0.24933877593736548	0.8035808577031445	0.1704014833465848	0.2584467372710035	0.4321040766644318	0.12623606612616897	0.28704976392177733	0.3709402969062325	0.5965201857238934	0.27997241800009726	0.37915886502140167	0.4942149926713986	0.19607598854744052	0.5288626696738032	0.434344297731068	0.45620719635680734	0.0	0.19267673516514086	0.5174949402007682	0.26236848938054713	0.5040625846534906	0.7325297702413166	0.5152896262236885	0.7102948616691006	0.37974250711909413	0.3046307679986912	0.4412603492852742	0.1398425890046315	0.35709990118586926	0.34152708165643053	0.36138198381805076	0.6414597223308529	0.29978833299975205	0.3494239764949266	0.9198952679109197	0.14516577177598977	0.658987221482793	0.28058161841444257	0.6369723251154831	0.42127343958104024	0.2662304095336791	0.3979252134671076	0.18157090508546841	0.3035760626334547	0.5107479847906271	0.4118709998845533	0.38650201503724	0.44668779912558204	0.737242578201683	0.5406747070424889	0.33050137488269404	0.46490036892330217	0.25155416833311	0.466071782172187	0.35846223630114743	0.33439698276668633	0.6071855987912377	0.42415899487816955	0.28009618301109374	0.41892692502027973	0.5740045247240345	0.23211992371207424	0.3149361594707232	0.5233282210007686	0.16503125354883416	0.7970752431916764	0.8704973380582378	0.27122342455037374	0.4622339812224254	0.4270078324839483	0.6815468846274488	0.2745744725969377	0.8004484434991117	0.3407817326544967	0.5529653444558651	0.6281169605620623	0.2911241084501019
Sample 20	0.5996551937080109	0.6059177152768297	1.0161332078196321	0.4116720587666091	0.9723564477737382	0.3579155911820791	0.4398210791133779	0.35281560077650254	0.26729141521676425	0.456104148765884	0.4707083715024483	0.6566992292665602	0.46364055508969154	0.5712208483896876	0.6851186279628311	0.37977336766455994	0.6873063449862031	0.6166651034348778	0.6178359919053833	0.19267673516514086	0.0	0.6802789235681641	0.08132095600500487	0.6677636785482055	0.8168709393183453	0.3390860667182305	0.8246770551649686	0.534232203645401	0.47884413981125723	0.6240476229770504	0.11504068690793706	0.42332444574123285	0.42579013814145233	0.547650313204313	0.7138953423781137	0.47410875412214826	0.528491567508114	1.0541878010641128	0.30130011718007804	0.7696891244648544	0.36884103839528276	0.8178707025997715	0.5496347479260354	0.28656314503976776	0.5886562888686586	0.25974101979838654	0.4955136597055994	0.7008270918481346	0.4618225750238338	0.5529294789926503	0.5454480269364589	0.8898063502040395	0.7280465248777586	0.5224077067686942	0.6180724996739689	0.4154428580514596	0.65777783908566	0.34320301256389824	0.4123204535695902	0.7966405930986465	0.55851863597583	0.4505447264632739	0.47775908804529277	0.7225557541389506	0.29736602062837214	0.4753660521646534	0.7148077189165197	0.3560190755403449	0.9881888755610748	1.0057098171647654	0.4590978758739367	0.6458667204911037	0.5719392667827021	0.860376932538518	0.45647037534477297	0.9870190129307836	0.5001328960000548	0.707864339332556	0.7302641511843337	0.17399645959739032
Sample 21	0.11224908442394302	0.3066853570856741	0.41605883900013946	0.27492559752445356	0.33116032725306255	0.3665860058582214	0.2758435590173974	0.6711722894026142	0.5597162244517235	0.23470285267088742	0.3201775023908634	0.4257349447040567	0.26577016230482964	0.34289573883964153	0.29040250059120093	0.33048349768254537	0.04056542492710658	0.4820047115899017	0.08266388537883568	0.5174949402007682	0.6802789235681641	0.0	0.7212082002922942	0.11999297268997158	0.4114421430685003	0.9100985522161571	0.3098913756114427	0.1504761233359435	0.5019028756152422	0.4816467751124972	0.5825452857586685	0.3813067060764213	0.338702358753184	0.4303701740276462	0.4056039684664983	0.24119994891964994	0.23364604737777325	0.43854185861531897	0.5409782988220775	0.28733349658007473	0.690120943020887	0.20214208589559535	0.18745523806667022	0.4833685989138677	0.3812395278555042	0.6481584848458068	0.33274868339455993	0.2675986255836573	0.4052139325207472	0.15506343377293547	0.28374798720340566	0.2584277963128528	0.35049422501447935	0.312850976596629	0.07592838616164088	0.5166256173249641	0.26697243341265536	0.5380790616198905	0.3572664174377083	0.46745987853516596	0.17758025577778944	0.2398752403184392	0.3864539826821148	0.12673092335570704	0.6883068587463966	0.20941220669476346	0.28073709501946525	0.3773710765659495	0.44443658059202895	0.3871405873206142	0.289099985999208	0.1567285151651313	0.16347658508516566	0.22475829785446622	0.2583524155245701	0.40578889977403154	0.21090312407741788	0.6849053272561992	0.32576915799893125	0.8056806866779618
Sample 22	0.648740672726045	0.6727395197493582	1.0364301877713056	0.45692417304329813	1.0194909099596792	0.4215671005511501	0.49743816499220245	0.30915540105194905	0.34211188949877536	0.5061847748067024	0.49686415279952284	0.6572110894081616	0.522548493154642	0.6406760385604906	0.7506959884073393	0.4389206485160437	0.7268119221261217	0.6910491610972003	0.6610262567518288	0.26236848938054713	0.08132095600500487	0.7212082002922942	0.0	0.7141767999281652	0.8197828267073451	0.2594375362212732	0.8426640353883779	0.5745135058950585	0.5558264192273529	0.6995687208976986	0.14977405120695178	0.4345608605628484	0.4396654173168169	0.6197973199925774	0.7169417226507546	0.5288686573294625	0.5869817814048345	1.0795172878072363	0.3803356510955335	0.7864985205169717	0.4473495722764596	0.8709684516935249	0.5771845084108906	0.2914505893374515	0.6586405079583857	0.33921583654421983	0.5636399131736708	0.7645259626094331	0.4580527990820358	0.6011351995216911	0.5640354732504025	0.9276505870194142	0.7963914309853148	0.5894295017570814	0.6547998696194405	0.4949129752183181	0.7212865454981692	0.327535005525064	0.42634970208211587	0.8662737335785633	0.5906142525670073	0.4990096374529488	0.48143232382311163	0.7588060001048101	0.3741812700517767	0.5206495653109623	0.7787257084276189	0.4202088076971507	1.0514267011391893	1.0311376450572527	0.5210114802606642	0.6997883800286799	0.6102786615152491	0.9118327287734159	0.5115162908866486	1.0468311236541765	0.5477076322018027	0.7878331606733578	0.7484972021680271	0.21720687386773657
Sample 23	0.1055197572168682	0.2884454411517383	0.44921708291100865	0.2907339162835959	0.305339793247886	0.3463496540586212	0.25592956420409985	0.6636439103947067	0.5504128191682209	0.22163784257863778	0.283700865483282	0.41854320981645604	0.24310414539444877	0.3191903263593283	0.25812728137915697	0.31743126826095414	0.10079364169713068	0.4691144743555315	0.07909151688558123	0.5040625846534906	0.6677636785482055	0.11999297268997158	0.7141767999281652	0.0	0.44286486965211214	0.9088487720784616	0.3244960049093883	0.16004613349155783	0.4802919459063409	0.45947566015841385	0.5832738795272191	0.3709948665223753	0.3513179298943565	0.42235722502083795	0.4070327665586967	0.20737176281295677	0.18099861397731887	0.45122770884073654	0.5166847808902927	0.3043986051209723	0.6604419406587667	0.19714809951896872	0.21163430589669469	0.47426142042968733	0.3735041451979453	0.6233803207173976	0.3072434945112054	0.2369758875621564	0.43167100647683876	0.11947500544170042	0.2743520180650738	0.2398907322900883	0.2923455263770527	0.2879408604268619	0.1424232300610946	0.4752005112437691	0.25834179780898725	0.5298910329820232	0.3579251179300024	0.4713635362048492	0.17230017166257466	0.2527619710590009	0.38711119769195373	0.11523339129326925	0.6647640533223399	0.2008420219140637	0.2647778727688251	0.36688299512054706	0.43423021448996657	0.4073662779519195	0.26739999633377914	0.18666481437858692	0.12575589333612364	0.22232512979172825	0.26266963648900826	0.38191919424369525	0.1677577014312963	0.6517599462490798	0.29955896286144634	0.7807194849343769
Sample 24	0.48390303302865106	0.7008870272568942	0.2912550971304011	0.5330707951942069	0.5481177980781538	0.6464897713015675	0.582093127190502	0.6108419250877767	0.8263728394140897	0.5209275689876243	0.3993209167238135	0.21054325438264604	0.5885754031443979	0.7264262796408136	0.6907585442390904	0.6131665302097117	0.38505344973872846	0.87206065970651	0.42181032470173613	0.7325297702413166	0.8168709393183453	0.4114421430685003	0.8197828267073451	0.44286486965211214	0.0	0.9026964286123699	0.1564650976000718	0.42524869831740364	0.8530020162102493	0.8716180666857386	0.7262949644906042	0.40151872811506084	0.3967446992555384	0.8074411737416854	0.14280953594697837	0.545467119027222	0.5696634147913551	0.3610089508948783	0.8208766830143084	0.14379149192931287	0.9813977449331994	0.566015144160363	0.3366986304462723	0.535474064431569	0.7712386634607412	0.9049196409127985	0.6890224666493615	0.6687355863767404	0.36781369393918195	0.4742961675006108	0.29940039276558833	0.39399403526854654	0.7347081801049958	0.6792552747945183	0.38073709231563985	0.8340675667348529	0.6729072021169877	0.5145995260573052	0.408087778941133	0.8787702318967012	0.35141278415284316	0.5315908216133384	0.34383864999436103	0.33882807243343926	0.9552987526100574	0.4804256761555666	0.6879653983772541	0.6648818383052215	0.8088318567446965	0.3264592714519769	0.6189092875570696	0.5637284204429689	0.38769703148528617	0.5600577764065356	0.5781944146437138	0.7377488107355108	0.48107379626740626	1.0695221202337164	0.21101111296666564	0.9770298974057287
