Column	Column 0	Column 1	Column 2	Column 3	Column 4	Column 5	Column 6	Column 7	Column 8	Column 9	Column 10	Column 11	Column 12	Column 13	Column 14	Column 15	Column 16	Column 17	Column 18	Column 19	Column 20	Column 21	Column 22	Column 23	Column 24	Column 25	Column 26	Column 27	Column 28	Column 29	Column 30	Column 31	Column 32	Column 33	Column 34	Column 35	Column 36	Column 37	Column 38	Column 39	Column 40	Column 41	Column 42	Column 43	Column 44	Column 45	Column 46	Column 47	Column 48	Column 49	Column 50	Column 51	Column 52	Column 53	Column 54	Column 55	Column 56	Column 57	Column 58	Column 59	Column 60	Column 61	Column 62	Column 63	Column 64	Column 65	Column 66	Column 67	Column 68	Column 69	Column 70	Column 71	Column 72	Column 73	Column 74	Column 75	Column 76	Column 77	Column 78	Column 79	Column 80	Column 81	Column 82	Column 83	Column 84	Column 85	Column 86	Column 87	Column 88	Column 89	Column 90	Column 91	Column 92	Column 93	Column 94	Column 95	Column 96	Column 97	Column 98	Column 99
Column 0	0.0	0.7336159354065461	0.9483945241360741	0.6263126162759125	0.48696380185668586	0.6734007435859265	0.7094859205364669	0.6913916713341386	0.7085032327958328	0.7598535306309668	0.6187852363556933	0.6188506098741088	0.7774378765052865	0.8504509759841756	0.6029362640260765	0.6982638299403339	0.6127582192255518	0.6549594257810019	0.6686388351422452	0.8464794875807332	0.7240321811512707	0.65253358356899	0.5692807270302671	0.5915757691264438	0.5188781323367859	0.6372796261221154	0.6507226164830018	0.6710069798493317	0.38579631088095645	0.9397496543562592	0.5943253758849605	0.6267824389371612	0.7011138922076817	0.7511202668175969	0.5650230275156907	1.0550142293706966	0.8071512744520479	0.7109767250928164	0.7179766645251487	0.8448731305524163	0.667541837678342	1.0195704126643905	0.47999016348626333	0.8999466525040919	0.6166582459337666	0.6703318869364074	1.0320725617834754	0.6748781677849911	0.8094425692551668	0.8075881850437323	0.6822193581452078	0.7461799138508717	0.6864565035013286	0.7771037032203111	0.648305557037972	0.9594724236302405	0.7044644433275747	0.4667512556490364	0.7884168960144446	0.721408502460078	0.6702914508526597	0.7927473850421278	0.9432549198430756	0.6368792932075332	0.7369615055192857	0.8284664707031524	0.905097266662736	0.8078415716494857	0.8999342551277569	0.8921942209309603	0.6698111897212029	0.825250500800601	0.750653051143691	0.4678961530914211	0.983680451199262	0.7765498004290671	0.7839712263908535	0.6363009124305343	0.5760698262980506	0.5838506066818604	0.7930714773786433	0.7646684729860893	0.8524347260068867	0.7519588136013151	0.7465511146416699	0.41489400533472187	0.735150586060856	0.7786294618587175	0.6117912025867773	0.9487768989139468	0.7134987147995673	1.0223987141587005	0.5654745190071013	0.7006557269532826	0.6521879494116027	0.5640086797920546	0.7864924456068147	0.7175152783843914	0.710358134428793	0.5873013653957901
Column 1	0.7336159354065461	0.0	0.6626591557403361	0.5619852246732403	0.7576096346527657	0.6458405362941391	0.5820461211570538	0.4877714449765952	0.6583570663022217	0.6648468326220873	0.6268232514018575	0.6522059734634644	0.8615138974814047	0.6664506345250846	0.5450524860698727	0.8025448481291193	0.5440710108542465	0.6144522416875613	0.9312161431364937	1.0775551718254686	0.6752773293121834	0.5735194893964239	0.7960965750403382	0.7052077354806213	0.59933592974948	0.8003357633508664	0.7690183520131505	0.698371404222161	0.7446675018666026	1.010411268826482	0.47192738581342175	0.9111161869182309	0.751433133320947	0.5399481328526816	0.7765897100906007	0.8698752243992066	0.6739279203152904	0.6581424166623596	0.7137550280912046	0.7368270112266395	0.71346373402238	0.7957890481215633	0.6273326251126998	0.8748045316362099	0.7498017688513603	0.8902754931367949	0.6079827410380797	0.79351382265149	0.7394141081125718	0.7901883173837361	0.8189897193058362	0.9199420624008886	0.8116158298440115	0.7700542191147157	0.645350747152586	0.5682680238859243	0.714101760384731	0.7718449652083734	0.8162635499307909	0.8017717993646617	0.7060139359637179	0.6842455038236006	0.8260465417105958	0.5955415992612447	0.6704603496214179	0.5677140814466175	0.7644736303063017	0.7101779242588002	0.797107992971263	0.7085550776507232	0.8602313373445063	0.6865934236420277	0.8471444199480215	0.799980336777687	0.8912785657041605	0.6242958096861329	0.9446422483633813	0.7902493423019797	0.6937962187251361	0.7569188320360453	0.6198550152626481	0.8286051846204534	0.5545391515931954	0.7635792230680392	0.6324392876602303	0.8686469204688555	1.002654029979149	0.5978037290187299	0.7517771261471565	0.913585891101919	0.7627552969852023	0.7496219925698373	0.7252978831265022	0.8136835920964921	0.6246288725603812	0.7196877106450508	0.772749253604559	0.6868461540584023	0.7528912435281878	0.951180260525501
Column 2	0.9483945241360741	0.6626591557403361	0.0	0.6868122547257454	0.8527907503233815	0.8882642554924062	0.7609231748865855	0.5835624972320935	0.6620353433274867	0.9570632259593888	0.6439231260079427	0.8135957753772135	0.7656322113563749	0.836690512152511	0.7662085444901806	0.614348435831291	1.0173718892852976	0.6731780418013116	0.6935101635875642	0.7603673983861929	0.6773808652384714	0.5896902909189058	0.8546071770329005	0.7900642980526704	0.522367712291762	1.0495590182443666	0.8195027706616553	0.7453882163891785	0.8830902627386825	0.7674436991091269	0.7070088947963561	0.589277645622194	0.773559977021094	0.6330893858038487	0.7961538904775003	0.9054424078356389	0.5490736576789952	0.7508076718356255	0.9918694541298471	0.9463960779606299	0.6973043182894658	0.6493618778715575	0.7762247500558483	0.8100265221773066	0.6716505765065742	1.0647207498519267	0.6782713506205925	0.8663981648825391	0.638249832193162	0.9643640662052819	0.663461834821406	0.7383407633109924	0.5272599452308859	0.6468160398573597	0.7125624088800235	0.8389052749786565	0.8714382616974443	0.8584309997277456	0.6143374848405051	1.0938664529623532	0.8264552819989569	0.716755147830268	0.7040139582394811	0.7756168995917258	0.8764099096549429	0.8095790903240201	0.7800171453307576	0.8545596019272316	0.8597783591822749	0.6607425918419016	0.7543805552491606	0.9040436584502379	0.79408327801627	0.6948607482340566	0.9324196280969778	0.7327530328298717	0.8570170864940707	0.7400056542380732	0.913232782686376	0.7409504069348041	0.8603123238902439	0.6958390729317666	0.7994177548193598	0.6104700334481081	0.7136523952839742	0.9057791073839994	0.8621657048243611	0.6518683663213908	1.00747162302189	0.6227336388096587	0.7948687494811977	0.5962803216157752	0.835519274761509	0.7580158678866065	0.7569285728718245	0.6219071799225773	0.8652498143077181	0.9579372885292273	0.8934417566311557	0.877100859791725
Column 3	0.6263126162759125	0.5619852246732403	0.6868122547257454	0.0	0.9259772414466669	0.6315576668116734	0.8259303487919629	0.6823202938420523	0.5353378246373324	0.817268386919402	0.5810009880166949	0.7041687750874859	0.906947911815473	0.7168239095959945	0.5496377089317476	0.6833879362636077	0.6688308950153473	0.8948356849388268	0.5702065710013591	0.783291507128661	0.4283915943537734	0.7631192643403197	0.7430266075040932	0.733842376106671	0.5654167746474815	0.9909960915218741	1.0744876314800242	0.7123232886841679	0.6135517443494869	1.110777941545728	0.4513639480756738	0.8685472601457268	0.8745353004671631	0.5753587399816169	0.8920882337600985	0.786829189381773	0.7935221485353551	0.6054619874551987	1.1194738121061008	0.7987757305816363	0.6979981049161297	0.7766236945541702	0.6163341707378408	1.1465171725858072	0.6838647665488906	0.6820783383672775	0.7427128631305127	0.6236593553591512	0.8590270922483948	0.9196811831893067	0.6242735057880977	0.882664707864077	0.7397214218662267	0.6397907639935185	0.5847358748089839	0.659047352145266	0.8494348892408955	0.5691577219373298	0.9642993655530535	0.8607647982753004	0.8236320401739882	0.8064237441249822	0.8785215032946152	0.7748794371641428	0.6853242294046265	0.8415472283138621	0.9692759872848079	0.8635631774783136	0.8758733676275627	0.62805283418117	0.7388540563328396	0.8615612619734292	0.754368651919087	0.6556922577515176	0.9860132082577046	0.6136554212864533	0.6541333030565493	0.686405296543198	0.7604222528771339	0.7871686644772835	0.937589744411969	0.8307363442906661	0.8264667358933647	0.893826859986684	0.7016520062183781	0.6089046765486645	0.7395758284154664	0.8856361780259218	0.4861354491783997	0.8658477804977982	0.7311334887321861	0.6486224299883382	0.7855090387385294	0.838021723177868	0.5968800962294565	0.6190394134808412	0.8569330769357616	0.6100962538804315	0.8670290779495176	0.7179599201295548
Column 4	0.48696380185668586	0.7576096346527657	0.8527907503233815	0.9259772414466669	0.0	0.5231573755189645	0.6096612498347953	0.675551051270082	0.870741076896437	0.8050362584640395	0.600774496159129	0.5120968709657965	0.6785673576698752	0.7160784118654919	0.8144383074612647	0.7192773866387836	0.6260111595929034	0.46141130418070664	0.8190872731254157	0.8900164272681591	0.7687320552177488	0.7098435919708153	0.81211331463994	0.5178061680713543	0.6545604295305745	0.6661621868327647	0.3942690671369232	0.6450792581220571	0.4254200249254805	0.7197824799353028	0.5834540114438365	0.6879208933126287	0.49110270956163016	0.7748402626571306	0.7837833641777928	0.783534060973406	0.7836678983969256	0.8747540523579794	0.5597363067032297	0.8966727472093563	0.7409879201704892	0.729885764475606	0.4274451740162798	0.5520765113884889	0.6105588183688526	0.6763528399506138	0.905899010127307	0.8743445721630698	0.6607448040079191	0.864021263914598	0.656737368080512	0.746305928658552	0.7217553563926498	0.7669516012942035	0.8261359523997293	0.9411647156219598	0.6878328883512499	0.7446033684913098	0.6161815414797576	0.5108753959657086	0.4648957117588898	0.693871977674225	0.9159609770331862	0.6641436893150551	0.8314095599749893	0.8129619759662833	0.5845784815212163	0.9743550629171258	0.623482534111435	0.8005821252472064	0.6320123488667813	0.6024317643723569	0.7256047146272828	0.7799120233114885	0.8484832976766394	0.7057071206205499	0.9109649149551846	0.6899764205409052	0.7670212267789241	0.5707840343573274	0.9328559700080981	0.6955799724585058	0.7779876313165599	0.4939048589630797	0.6304452987396354	0.5424887471569183	0.8036489261360762	0.6627210296058941	0.6997296043885479	0.7109699759705967	0.6288654116411933	0.9731428616530722	0.6954700955122084	0.6729719185620017	0.6930520176040615	0.5512954369557481	0.6122323357624901	0.7678952170531661	0.6391770250341521	0.8278544156571985
Column 5	0.6734007435859265	0.6458405362941391	0.8882642554924062	0.6315576668116734	0.5231573755189645	0.0	0.7047487084959942	0.7966036126105089	0.6603078919153534	0.7056463744849659	0.5921363080072263	0.580335042076864	0.889766070849416	0.6484784359598594	0.8389239635305334	0.8081492022295227	0.5757812370054483	0.631270335067035	0.7441504664785509	0.9851952757030458	0.7762036447400331	0.8276887071664438	0.7425032551539031	0.6873370608288585	0.6587290678641637	0.7944364924758802	0.6256479593824794	0.6005844262124063	0.557075397757349	1.016943095293236	0.5582830814900532	0.9442587494641677	0.5533659251626658	0.6282336724204967	0.9260824287396661	0.8364710289095015	0.9159330106557658	0.85086642739158	0.7969568008907749	0.7597957798581298	0.8997898317451234	0.7743939418256174	0.7412974426147203	0.9718866267131002	0.8485061384974204	0.7168541078934911	0.7284291411802175	0.7348349128366714	0.9204464960519877	1.0132200851781819	0.749783718411132	0.9069920891007579	0.8477946574127769	0.8773867621001105	0.7638602190876299	0.7472205965547999	0.7150680401589509	0.6762585048483627	0.9069065554640757	0.6984779103455965	0.5999131927567221	0.7844866668941837	0.9150325709955085	0.6993043322669317	0.9347594144621716	0.9254774440582479	0.6867034739975508	0.9401297164851665	0.6265895537479393	0.9420583715926583	0.7599234540074665	0.7196498660110393	0.7388700697181834	0.7055640439912031	0.8817398837823582	0.8424297317064292	1.017887174387825	0.6585398241949629	0.812542081554128	0.7864480025108496	0.9890058890951254	1.03982172933793	0.7666841731317203	0.6910051360062628	0.6368656896466889	0.5329786244542811	0.9400284999157139	0.885681941242257	0.5775755553915645	0.7511042993382624	0.76722966714544	0.7697537597303401	0.9753273449440467	0.6814443074869723	0.6863089103571854	0.782436492650318	0.768785945800629	0.8267589007793359	0.7354101832161914	0.9884502042664775
Column 6	0.7094859205364669	0.5820461211570538	0.7609231748865855	0.8259303487919629	0.6096612498347953	0.7047487084959942	0.0	0.5635631971127106	0.6223731210072223	0.5690810511342627	0.689519991870581	0.8068798986058658	0.9337587894685275	0.8425157075658769	0.6627799784058279	0.5119092251029593	0.496967758573701	0.5823653255677977	0.7178823720537763	0.8491862574178899	0.9280539476496557	0.5679431458058003	0.609127499996247	0.5171911849965564	0.640950008705267	0.7006202438966309	0.4625251498274542	0.6975883857612251	0.9377451877190084	0.706562267432356	0.6041236798073695	0.699386104327075	0.5451453102525141	0.6031049234060666	0.7898291779452085	0.9169357602864664	0.8942583880769752	0.5464968765914876	0.6254347117920361	0.6863993583222487	0.5660866990345573	0.5052673696650871	0.6606450531087567	0.6512530252644961	0.516380388917641	0.7616326229516762	0.6722394332810888	0.6080828692141811	0.7544936068429902	0.747044988707431	0.7959927546508071	0.7363072642925408	0.8276024030026077	0.721262989408503	0.7112603563389897	0.652623304122401	0.6040083644500482	0.6190368782165648	0.7837467353120326	0.7740269614488114	0.5183170393417434	0.6320619400899219	0.906639480677557	0.5784292205370991	0.7237305615130124	0.5324185861766857	0.587065302972112	0.7693570204812715	0.8050016257632451	0.6401948612109083	0.7770797885166374	0.7496020300615354	0.6328618058396616	0.7588638086649662	0.6532006507321045	0.5257508976896923	0.785472049771001	0.6574214295642649	0.5148394019265967	0.6859295611615008	0.6241785590253147	0.7878227142124477	0.7339758606405382	0.6740793101503928	0.7365368755392181	0.6746001684536755	0.8262428309395403	0.5997256825273043	0.8923607629775693	0.5917679870664201	0.8183125381175874	0.7940727486276329	0.8458977860829984	0.7072084022328858	0.7433248330000524	0.6926599488002043	0.5540735708500659	0.859023720069167	0.7812589415153115	0.7149063329837693
Column 7	0.6913916713341386	0.4877714449765952	0.5835624972320935	0.6823202938420523	0.675551051270082	0.7966036126105089	0.5635631971127106	0.0	0.6019797115767722	0.8935087214292863	0.720914767756018	0.843038676200689	0.7146418946887818	0.8985447551581601	0.4943597673417691	0.7039998830188996	0.783748112325409	0.7166812274268022	0.6775056721170754	0.8924706865173092	0.5601289448984528	0.5298953537422584	0.6482751947672067	0.7518342753880288	0.6583652384576661	0.9860420821430942	0.7252005846708146	0.5816734311598885	0.5951203427779526	0.9971300428786205	0.6380840040308234	0.6851463524038743	0.8038663376479227	0.5135285406817496	0.852619316074618	0.9852632356065927	0.7611044507690136	0.521107869022711	0.6795482563829701	0.9585694704849353	0.4770002829331431	0.6527430565783183	0.666621770112301	0.6699625099881694	0.6568458165909905	0.9130704554071162	0.7256414137735886	0.8137917014600712	0.6588006136956926	0.6530556877145643	0.7401523457353053	0.8486952781881283	0.719623391644181	0.9205764157439305	0.772150832197557	0.805229590571551	0.8710312953876481	0.7862284535064442	0.655031153688286	0.844829898897338	0.755030791128155	0.8690285915145681	0.7264632124073435	0.6151769041633334	0.8384385129999128	0.6039618321065554	0.7262596124720548	0.6676685822117517	0.7704863794313389	0.6061627408925603	0.7389951957370554	0.7207453019899093	0.7359603473323931	0.8947198431004422	0.7321776842530823	0.6484392347536322	0.7792188359897644	0.7518416908416069	0.7983415390977243	0.7435390357093701	0.8457371596186565	0.7374104109660695	0.6416648123861011	0.6643329849019101	0.567052691581913	0.7380729975458888	0.8363659704069983	0.6528706740645431	0.8667538073056984	0.8680855507491859	0.8612265174525517	0.7194197795411665	0.9626960135990715	0.7647603095410616	0.7926924684603628	0.7175967869946984	0.9035296879411786	0.7427447541908554	0.7575310043083462	0.8095370148139712
Column 8	0.7085032327958328	0.6583570663022217	0.6620353433274867	0.5353378246373324	0.870741076896437	0.6603078919153534	0.6223731210072223	0.6019797115767722	0.0	0.844717672878348	0.7675214612234962	0.6381534055622295	0.9296536522788286	0.6402249023720558	0.8753976840093957	0.4989821545513041	0.6568558804444078	0.8381901814167252	0.6887649955003281	0.8665025249281991	0.7618755875851959	0.612863310755847	0.7167255213810076	0.7487663268850417	0.4509424819134241	0.9493409414044315	0.9495831453951984	0.5361558498311766	0.8012629283232916	0.9434768758550129	0.638448896694106	0.7240740396031491	0.7123477734804485	0.6539356035162369	0.6970363533957442	0.7787730461141188	0.7038244870392631	0.6206378310584967	0.8505093709225805	0.944022166436116	0.684626713266595	0.8011731180904834	0.7776342429074733	0.896592487450263	0.6665456328582711	0.6179189416610271	0.848160365462637	0.5072034213666745	0.8771967406247355	0.8072460320114138	0.600294121120293	0.7219752039355535	0.6812166199949016	0.8524274821340614	0.9753377219994547	0.8654706775290195	0.8502642449879738	0.5372424962758126	0.6341910754447795	0.737979410806642	0.7883220666375332	0.7652401530072547	0.7642325211040703	0.8138253966204803	0.8734329957205831	0.7518625045555852	0.9175685290180271	0.7895603578938518	0.607954089932828	0.7966331580181629	0.6768442976144217	0.9727488612515206	0.48193000443927914	0.64460784392724	0.6769667478438284	0.7376253000305553	0.6849057775387568	0.7133316061516106	0.6180299868059949	0.5987511296391528	0.7936572630822673	0.7010433341373915	0.7839218952664345	0.7388569891126744	0.5401807572289186	0.7561184615997701	0.7978675982425127	0.7284897143888573	0.7852045227908887	0.8212187762301331	0.7764071236721294	0.6566161540048123	0.9028800747786928	0.797798414124928	0.6999997434901141	0.8829791028046763	0.8225697643646077	0.5669055938403665	0.7183188612043975	0.757622530177195
Column 9	0.7598535306309668	0.6648468326220873	0.9570632259593888	0.817268386919402	0.8050362584640395	0.7056463744849659	0.5690810511342627	0.8935087214292863	0.844717672878348	0.0	0.7760378774366135	0.8425614661564883	0.7072812503261998	0.7628880496798642	0.8085924561318869	0.6877206202251046	0.6645171033101104	0.4980057565056949	0.8362730147657595	0.7090530681718537	0.9620684639077227	0.8046786708007749	0.647732146193971	0.49059602201077723	0.5984199901230904	0.5683370925833683	0.556775988185213	0.5634181064395922	0.7788112498412769	0.5795394847438968	0.8456358180501932	0.8066468792806787	0.760089213319489	0.5165898512352288	0.6932627134461942	0.5525821516344127	0.7461336313513915	0.8101124512390834	0.5518847847348991	0.5455553231413289	0.8074371596507295	0.8383949925778128	0.7926234848084883	0.7435263895754394	0.6299037029697465	0.7509629541985627	0.7124980530643319	0.5651574502843013	1.0099625738304956	0.8530386200046973	1.0623282232816778	0.850576740081737	0.7700805331195995	0.7083080415755181	0.6400045227849209	0.5891119304752387	0.6229253458274906	0.4740402092694782	0.8569122185924356	0.7450831332863603	0.7763431204810004	0.837833220444951	0.831228733492654	0.5326470033654602	0.638915296366791	0.6163314365132484	0.5448334785863225	0.8351725076330201	0.5908991333013981	0.6096707236218493	0.7376135235535386	0.6157341392972492	0.4368602081996109	0.8736694939994797	0.6220016588817037	0.6933495348924036	0.825784816813519	0.8403625655807205	0.4722996555902167	0.8861694516440068	0.733559638628633	0.6749834095295248	0.7898367649384845	0.6747791834629746	0.7111136466130297	0.7456856285505712	0.6940527030169286	0.6260487297491586	0.6292401839128432	0.5923202809882331	0.6585822945536863	0.6613971931316656	0.6904109317292446	0.6022418801567331	0.995610998539334	0.6156959004580593	0.6022631985671234	0.8491510125754917	0.7434973744608938	0.5417553227988094
Column 10	0.6187852363556933	0.6268232514018575	0.6439231260079427	0.5810009880166949	0.600774496159129	0.5921363080072263	0.689519991870581	0.720914767756018	0.7675214612234962	0.7760378774366135	0.0	0.834051034803653	0.8405322933569306	0.7995585640945719	0.707314944635641	0.6500354612213899	0.5680965784858188	0.7416984843231187	0.645964484463023	0.746726400984926	0.7014173647513193	0.7158923319818022	0.7881184074470413	0.6895895820081855	0.6201211065095315	0.7257107202857653	0.6600019838143343	0.6405796384534674	0.43708724458027526	0.846115045972586	0.5415461584055814	0.615289195841703	0.586066363736348	0.5822234245358908	0.8688791827345391	0.7985736225455179	0.7429985422310739	0.7453479710556804	0.8556014240091185	0.7421219042053444	0.6894483647586716	0.601894743596163	0.6727713836080161	0.8658801375598143	0.5819418481996075	0.8319615620153462	0.6688478200915737	0.724866625333654	0.8162489199779349	1.013354931373688	0.5478242538585469	0.8049991116657893	0.5913628535105757	0.8887526210038678	0.43598111280671403	0.7179913123463355	0.6913341131479769	0.748630062739894	0.9269228618266909	0.9127659432885118	0.7245295231045386	0.8749965228018597	0.7725932824437455	0.5935286864663948	0.913885457781017	0.8118480578366201	0.7539305289023113	0.7861542204724797	0.7231258036696473	0.8888825380403171	0.7018955770468698	0.8768774032133937	0.6337914723824478	0.5620462135190305	0.7587697063034109	0.6758697749615572	0.671249893740796	0.6565920464724956	0.7717001394255841	0.6037916666178494	0.876090543607049	0.8525793123597126	0.7596715909899452	0.5301925179243095	0.6348681578076893	0.714354131754358	0.8676944885324178	0.6787894079646732	0.7558115466858121	0.8738041764114125	0.7339136023264738	0.6752259598355854	0.8234061651335594	0.4482047575191781	0.5831121906752497	0.5317523775832959	0.7804584311019067	0.9018786270420235	0.8827776198328267	0.6369204655941458
Column 11	0.6188506098741088	0.6522059734634644	0.8135957753772135	0.7041687750874859	0.5120968709657965	0.580335042076864	0.8068798986058658	0.843038676200689	0.6381534055622295	0.8425614661564883	0.834051034803653	0.0	0.9407772951507116	0.6244585485149207	0.8703568392549667	0.905618424546503	0.6952735535735004	0.7901726046573605	0.9345040536864869	0.9449212781075117	0.736185861568814	0.7795718252122587	0.9893982731295101	0.8454737939983559	0.608576807623586	0.8821241849347259	0.687638411587701	0.6608273901662836	0.6653818798743495	0.9652081039407605	0.6841147855050611	0.8819913357499002	0.7826759884321065	0.7571106643245881	0.7034394570108744	0.8156026475535149	0.7870133140804634	0.8636219362403497	0.941623572635334	1.0142706418732261	0.9664513002787034	0.9745266839920741	0.565390144018642	0.9041849852804302	0.7877029282607524	0.7193702946266227	0.9859810416524077	0.9609860801316293	0.8135756789795014	0.6391640012137874	0.8045015924524024	0.746744769797643	0.8278153563362902	0.5639916688482359	0.9664574955759322	0.9282379374183386	0.739230927913541	0.6878819993458317	0.6301548377665145	0.7686356618920899	0.7053661696074566	0.6047219665541321	0.8899531798906694	0.8612215871447925	0.6816312305806222	1.0578450995074418	0.767260626082906	1.01326438820956	0.7419931082198554	0.9030677046552815	0.8327553772072699	0.693553536565021	0.8329520793845966	0.6494351636883264	0.9630890544251788	0.6963147924935201	1.0687366375748106	0.6156330634088094	0.5774422080545801	0.689648621821675	0.7392182684678879	1.0673034492910167	0.8306184150865726	0.723971426591014	0.7331265159803385	0.7202623388727424	0.9986699280664686	0.9411227054952153	0.6413302455464707	0.8343709100395783	0.8137871646949094	0.9371874663745848	0.8120867880737145	0.9097676080711194	0.9477639603699213	0.746605580706688	0.9022566937891908	0.7117799956895552	0.6335707334875211	0.9472064264193727
Column 12	0.7774378765052865	0.8615138974814047	0.7656322113563749	0.906947911815473	0.6785673576698752	0.889766070849416	0.9337587894685275	0.7146418946887818	0.9296536522788286	0.7072812503261998	0.8405322933569306	0.9407772951507116	0.0	0.9146040156526815	0.8865662975072447	0.7653125294094123	0.825725740869031	0.640874766585046	0.6511315138875817	0.7860243151379273	0.6870590938267537	0.8252783010923805	0.5412305279019756	0.49549837535277796	0.7311837489817306	0.7223502480189672	0.6609599826583519	0.5078590052544893	0.5847547267735741	0.7309480595966975	0.8235213588544832	0.6937672939778667	0.6586376964635547	0.816233695534595	0.8974577384907251	0.6812798423575278	0.4906136448255146	1.032555916385981	0.704762116660977	0.8154109581131882	0.7580341283465719	0.7571696401665224	0.8296725188588424	0.7632814247344455	0.5795771029370812	0.9870121321468199	0.7663483353411011	0.8727003369276454	0.7101742480302171	1.0251511451384336	0.9416452164698905	0.7948381636259193	0.6278725365307727	0.8863382418869723	0.86562750068396	0.7501949874781303	0.7461464037976007	0.6187073549157411	0.7793424954414259	0.739951601081041	0.7920402617335918	0.8122385034866407	1.0154871893790387	0.6711226877221006	0.774419851465296	0.6302957445484254	0.940351130505398	0.7752766223514793	0.650464800220942	0.8409953930510515	0.6805713771310262	0.6775226638602553	0.7275187379834909	0.9371815098653165	0.7011336776863716	0.606080225558007	0.7571536692972027	0.9788084846328552	0.9130127783261892	0.7994760975815116	0.8484707279629459	0.4821698340576466	0.8971004621745877	0.5695729138601083	0.8356226994054546	0.6635073665070864	0.5466740909527283	0.7333363239393291	0.8147373532070434	0.6807537156845207	0.7064085241432924	0.7377336524836156	0.8646511545778486	0.5707760831802573	0.6420011508910048	0.6974390687073583	0.7050563992848398	0.6080594764207059	0.98565036909295	0.7594806857151535
Column 13	0.8504509759841756	0.6664506345250846	0.836690512152511	0.7168239095959945	0.7160784118654919	0.6484784359598594	0.8425157075658769	0.8985447551581601	0.6402249023720558	0.7628880496798642	0.7995585640945719	0.6244585485149207	0.9146040156526815	0.0	0.8048681016003555	0.7307781984419127	0.49654191928928426	0.7159824578189595	0.9856189449646658	1.110048039180565	1.0097506292420426	0.6287798478025197	1.019815182889993	0.9748986154229574	0.763523758779906	0.9177330819986957	0.8382943254964198	0.8038490748105361	0.7502444596798762	0.9624493874039272	0.7927323969872477	0.741777416712948	0.5778370782662394	1.0003891213448979	0.9890422377749298	0.7756194848639781	0.9061530154929409	0.722598787023158	0.8024010291837671	0.9093168961326916	0.81025948978158	0.7617119764110475	0.43357749376626664	0.801761721393565	0.7740679689210359	0.8744847121990555	1.050419629126787	0.806662217378894	1.0089794222009913	0.8668472116210129	0.6488665639520763	0.8717162452586986	0.8389933399564452	0.7378193330677628	1.0197455794789667	0.8021357937643625	0.7747838529074326	0.9708080897572516	0.8632600657829702	0.662854628808762	0.7881373915279303	0.8034698090031079	1.1082766300160045	0.7311258200070095	0.8319325756712019	0.8748089167675328	0.7899370060832828	0.787167791961424	0.8091641055258589	0.8861059666451794	0.8063738180432335	0.8694406260847672	0.6914515902803803	0.9590366205587262	0.8756861169672182	0.777691840305825	0.9443477832118805	0.8719627739502498	0.7469014694833525	0.8770560975036288	0.6688595491528402	0.8054263537785983	0.7521229581522647	0.6931285386466312	0.8686113650641369	0.8721564377226299	1.0845672194249838	0.8759364366186847	0.5904061301672185	0.9789019569908042	0.8364071614670244	0.6039921702640599	0.8362025651896318	1.0389843160875125	0.7400448333975174	0.8430997207849283	0.9446597732095935	0.6384991196704302	0.6713584923490423	0.8757649114375
Column 14	0.6029362640260765	0.5450524860698727	0.7662085444901806	0.5496377089317476	0.8144383074612647	0.8389239635305334	0.6627799784058279	0.4943597673417691	0.8753976840093957	0.8085924561318869	0.707314944635641	0.8703568392549667	0.8865662975072447	0.8048681016003555	0.0	0.8211238875025743	0.7198303690683974	0.853774347690373	0.861044112498266	0.8177055507847676	0.5885198855789933	0.631746730964297	0.8272548661097265	0.7148020367213341	0.7082432384526328	0.7635230252281389	0.6879228977494538	0.8496337116897272	0.720047447320157	1.0045070442842916	0.5482048276828072	0.8053096101968713	0.704212045314394	0.6485081044039307	0.8098835782368887	1.0957487010627367	0.9943455729787217	0.5921153612750001	0.9750025886171998	0.7541460601793383	0.6861559727069397	0.7865767950082571	0.5482444531088545	0.8082283416009168	0.7069462960709898	0.8460262988844376	0.870907991821175	0.9087209696609461	0.9821130522910659	0.7414826287612162	0.7678082261638945	0.9095790988363586	0.7104251091165917	0.7533532217117986	0.5986374450499681	0.6171243087313207	0.8301332359430035	0.8259986388987749	1.1726806897953708	1.0260337272104618	0.7193033760211207	0.8225181980957019	0.916735911480414	0.8240731590179582	0.5867061598589569	0.49794922199502956	0.876345099988901	0.6730946154199002	0.9814335642746626	0.7857878774141763	1.101535872925237	0.8249967208364339	0.8148864407314218	0.7048999300436423	0.85305305672275	0.6360592017362101	0.8349229721207451	0.79650182424494	0.869074926977979	0.8685954036440064	0.801842153174357	0.7462598881860179	0.8373077799163984	0.8424868355351801	0.842607666569643	0.8025831899241058	0.9242536641799162	0.669195397817812	0.8235162246223657	0.9771606505151278	1.0222682853281249	0.9301414412558813	0.7099219667591317	0.9288094336081316	0.6844235560257286	0.7009163016935461	0.9375500179051528	0.7296925096412374	1.0427849062632755	0.7198766954123879
Column 15	0.6982638299403339	0.8025448481291193	0.614348435831291	0.6833879362636077	0.7192773866387836	0.8081492022295227	0.5119092251029593	0.7039998830188996	0.4989821545513041	0.6877206202251046	0.6500354612213899	0.905618424546503	0.7653125294094123	0.7307781984419127	0.8211238875025743	0.0	0.6575058515528167	0.46860387700774697	0.3473382343154755	0.6972632531513436	0.7026837768263273	0.7601493561486439	0.574187861658527	0.5840963903513945	0.4485995250099465	0.6257175502611529	0.7389330742614812	0.6869179548807572	0.7150276535170508	0.5085858831718981	0.48768649092173877	0.4804923937865988	0.5255187447643068	0.6672703884949098	0.7750841067967114	0.8023668237845047	0.6605197919405477	0.9032145886668368	0.8960804005367436	0.7420959769716833	0.5694625578025089	0.7052067497298022	0.5976636927098752	0.747451960150537	0.5105756290619374	0.6074999582321541	0.7702752486862343	0.4278003835468276	0.7039362327329632	0.9548925946393187	0.5645191621786829	0.5206360711193609	0.5493033747409716	0.6065503915455499	0.671943823061117	0.6889750093455489	0.7799414544672835	0.5777591325588501	0.684529905673312	0.7119690223895687	0.5904374264963278	0.7562640919789678	0.7898289473158004	0.7057092788234103	0.7701212676480823	0.6165377746253542	0.9666688185897578	0.9174824109755717	0.7709661583136019	0.6380684922046613	0.471658727035279	0.8772836722714769	0.4320752489676908	0.7681285793013244	0.8586529273757428	0.5971219541639528	0.5495275590580142	0.6653329289036987	0.7280153850918976	0.49788960567876483	0.5957323078025499	0.534324879431122	0.8888189522715959	0.6444918656063128	0.676516918370258	0.7653782590037704	0.718521963605906	0.7153945606225496	0.8630810296139141	0.5946886743412152	0.6239274024309425	0.6339293878202322	0.9933441359998109	0.6242020421408276	0.6588062468323501	0.4883081123535965	0.5486933997263489	0.7251821855956022	0.7784333183478293	0.4831229126186869
Column 16	0.6127582192255518	0.5440710108542465	1.0173718892852976	0.6688308950153473	0.6260111595929034	0.5757812370054483	0.496967758573701	0.783748112325409	0.6568558804444078	0.6645171033101104	0.5680965784858188	0.6952735535735004	0.825725740869031	0.49654191928928426	0.7198303690683974	0.6575058515528167	0.0	0.7685083219618101	0.8082637255407613	1.2183183278935992	0.8116044063798511	0.5169978197238287	0.7107217077280301	0.7444884246560657	0.6905402616997194	0.7474793324563935	0.6156603645004506	0.6475996013009582	0.6099198173548013	0.9226597144067977	0.5753832951955384	0.7032190542770385	0.5222846979467328	0.8139172156580001	0.8920456223270568	0.7930002337457787	0.818188877009255	0.6694390881808748	0.6329053209865871	0.6866292393054977	0.6654297764278798	0.7598333441918663	0.5641757300576014	0.9018551948172057	0.6422973423374313	0.77186927324039	0.7889502547430035	0.6746073202598686	1.0350819266469051	0.8466684668233632	0.6984528076612087	0.9774583586707523	0.9362748762593481	0.8876598611274444	0.752469400230136	0.639769212461337	0.5650371269218806	0.7144631191343656	0.8988702473089687	0.6698218894708662	0.6551579956507645	0.7687023823726934	1.1379037338263203	0.5846764905634622	0.7847195679142611	0.6786320817424993	0.9316214542167138	0.7295353468386974	0.8015691274118965	0.9826362848254312	0.6709508137113473	0.9886042889766103	0.7205843329604087	0.7767665076244316	0.7815967408676525	0.6058886508309546	0.7945995211791145	0.8217447123298149	0.476061238732132	0.6757517262565849	0.6415523655508626	0.8816911728027456	0.8902932616558785	0.673741451701833	0.712114618468292	0.7294303492701688	0.8862588373256981	0.7531128982490874	0.5681823577272267	0.9142495119096	0.7247886666158903	0.7320236349797934	0.6413414452605928	0.7204738076405096	0.6137501746944245	0.7062787128166288	0.7442420831269843	0.428494906885872	0.6613628098788393	0.6093124239500549
Column 17	0.6549594257810019	0.6144522416875613	0.6731780418013116	0.8948356849388268	0.46141130418070664	0.631270335067035	0.5823653255677977	0.7166812274268022	0.8381901814167252	0.4980057565056949	0.7416984843231187	0.7901726046573605	0.640874766585046	0.7159824578189595	0.853774347690373	0.46860387700774697	0.7685083219618101	0.0	0.6746563123888107	0.7983778507790619	0.7813414205547782	0.6458247215338309	0.5449656420694242	0.49809493524553594	0.5282947139970755	0.6852569512732087	0.45759625030744244	0.665797307308893	0.6820138445740469	0.5208794502550298	0.6169448599164953	0.5843366179325016	0.48445830360150144	0.7386833490567164	0.6494397788258662	0.7155321022662648	0.646150385512603	0.9922331439767333	0.45974122752659463	0.8426166516172167	0.6902326564467922	0.7049710825437778	0.6113315816755931	0.6429154702964682	0.6641804274547752	0.7731840526137064	0.797895069293378	0.659001933193675	0.6094574486848853	0.9094518299701824	0.7903323322550095	0.6857323869030607	0.6326998229731368	0.6180225908295209	0.727025456186023	0.8137172565528121	0.6972033337664125	0.6919531420202998	0.5379911188119866	0.6165902363524274	0.5026452324552046	0.677139475854625	0.8328710433380622	0.4915954460976695	0.6722275125831876	0.5712403437282708	0.6739779739536133	0.8228312550305885	0.5648867109030837	0.5497259421413884	0.5238398920660331	0.5234301446091901	0.70781368847996	0.9355319695312049	0.9407701131084965	0.7685235000228083	0.869038647285524	0.837407082020437	0.7544163695040496	0.7644344967943315	0.591960233338101	0.5496150987361585	0.6233542425962296	0.6314774356731753	0.5820501504433788	0.7387048203973094	0.8341232494837395	0.5411809162372407	0.7894897348566013	0.44696482749200317	0.41246442281467444	0.8129878827121695	0.749270247793553	0.630852807044302	0.6446704618627227	0.4942871592686521	0.5276197885577074	0.920831018986481	0.7226869111621647	0.8329183656455752
Column 18	0.6686388351422452	0.9312161431364937	0.6935101635875642	0.5702065710013591	0.8190872731254157	0.7441504664785509	0.7178823720537763	0.6775056721170754	0.6887649955003281	0.8362730147657595	0.645964484463023	0.9345040536864869	0.6511315138875817	0.9856189449646658	0.861044112498266	0.3473382343154755	0.8082637255407613	0.6746563123888107	0.0	0.6990981010586401	0.5108136449593236	0.8904050222542372	0.43289908265240495	0.5978746905540269	0.548947464477975	0.8061426111053118	0.7804658414838999	0.6577031124606678	0.6981628600907045	0.749000809269208	0.594099615987514	0.5681498688177025	0.6815979353437558	0.7300385308133562	0.8981069023972338	0.8691811639704274	0.6329670846405295	0.9286525000590886	0.9357812412685327	0.9171102307118177	0.5255157173786204	0.6913570135758671	0.6920356648090558	0.8710588212859077	0.6010453667423352	0.7885887221983674	0.6024289518035861	0.4993258028768124	0.7132210374453183	1.244055328119869	0.6589605439896551	0.6821885658380656	0.6940913682349735	0.6404024618684109	0.7667717886051528	0.801459320619121	0.8403772573699665	0.6169115540310615	0.7022938712617379	0.73613222600233	0.7111474697534311	0.9535450964814666	0.7158081708521923	0.7626069771039949	0.8145360931591019	0.8521721317713741	1.05581272228828	0.9549637205374779	0.8665240289738478	0.6250970484074609	0.5385520274242276	0.8212385277820254	0.6472809893587029	0.8089819160071074	0.9331464872054804	0.4337536018795687	0.5411657699373679	0.7714978364191453	0.8184947236654805	0.6731888568978107	0.7314307531631921	0.6900162914133403	0.9994523614140589	0.7393067097937405	0.7586338519938036	0.556373410167958	0.5934651612548709	1.0039938436879425	0.8158571419764538	0.5599731072811309	0.6219230048136175	0.597199478049528	1.1684101097477686	0.6352194483853038	0.6270485617190383	0.5585757360393897	0.7738756534854251	0.7653215649917837	0.844107695548163	0.615071544784846
Column 19	0.8464794875807332	1.0775551718254686	0.7603673983861929	0.783291507128661	0.8900164272681591	0.9851952757030458	0.8491862574178899	0.8924706865173092	0.8665025249281991	0.7090530681718537	0.746726400984926	0.9449212781075117	0.7860243151379273	1.110048039180565	0.8177055507847676	0.6972632531513436	1.2183183278935992	0.7983778507790619	0.6990981010586401	0.0	0.7211830266590679	0.7770427263981325	0.8075742790402828	0.5147926927542577	0.6452004827582739	0.849334471545229	0.9028434700302032	0.6872578948217543	0.8091414786396776	0.764100334819541	0.8539425007489871	0.6941943803083179	0.9383620775391691	0.5690310338809388	0.6156068478479573	0.7905267071241316	0.8363369996832254	0.8047857212096237	0.9889611864868585	0.7888163841407005	0.9084655597295184	0.8671444172561802	0.7540473296862138	0.7344682322063133	0.42145810644037274	0.8958146161276165	0.8557135806756836	0.6270916568187416	0.7863065079354018	0.8670655655732094	0.9771474008879931	0.39287220491233676	0.6821668789033875	0.5768907508440329	0.7254621552234403	0.9659572229120246	0.8469728183159078	0.6568497327743561	0.920931417477215	1.0115155174706691	0.9721657972881965	0.7826207253782692	0.7144542132804839	0.9702574151012925	0.698817946115049	0.8249329475800924	0.7541031007041084	0.9477120642067266	0.7334866142949017	0.6746663408515085	0.9141470930042997	0.7660604572370046	0.6186744221406336	0.7801870105929439	0.658186495004438	0.6458457311490358	0.6434592449301233	0.779186186588986	0.8613627520927412	0.6819650717783963	0.7618455662211977	0.6133812927536476	0.8014563913574413	0.8757856222505908	0.7584339385172327	0.7577722515756335	0.8725800275124219	0.8434636774640517	0.7557275774653457	0.6793321238640462	0.8190885648258683	0.8591791403282382	0.901448158441498	0.7029375127660029	0.8683262522831375	0.6738844306620884	0.7018733734316908	0.9624266155931305	1.045791230560475	0.7256135917403065
